237,-1,2215,1181,231,122,0.9011316895484924,4,-1,-1
237,-1,2075,930,174,76,0.8752713203430176,4,-1,-1
237,-1,2021,817,140,54,0.874599277973175,4,-1,-1
237,-1,2503,905,171,57,0.44775646924972534,4,-1,-1
237,-1,351,551,70,32,0.33722612261772156,4,-1,-1
196,-1,2205,838,225,118,0.9098505973815918,6,-1,-1
196,-1,191,548,329,153,0.9073630571365356,9,-1,-1
60,-1,2108,981,176,80,0.8932929039001465,4,-1,-1
60,-1,320,449,98,59,0.8765203356742859,6,-1,-1
60,-1,78,419,82,42,0.8030372858047485,6,-1,-1
60,-1,99,538,58,41,0.7675397992134094,5,-1,-1
60,-1,1749,515,104,55,0.7425776124000549,6,-1,-1
60,-1,2088,471,188,70,0.6914542317390442,6,-1,-1
60,-1,300,589,59,36,0.6634111404418945,4,-1,-1
60,-1,1889,454,64,58,0.6603180766105652,9,-1,-1
60,-1,425,553,53,31,0.3744702935218811,6,-1,-1
92,-1,104,466,108,64,0.8690217733383179,6,-1,-1
92,-1,2158,480,174,64,0.8463702201843262,6,-1,-1
92,-1,1622,477,108,64,0.8327202200889587,9,-1,-1
92,-1,1934,506,78,44,0.7883668541908264,6,-1,-1
92,-1,120,644,77,52,0.7148473858833313,5,-1,-1
92,-1,560,591,62,32,0.6251991987228394,5,-1,-1
180,-1,561,560,256,125,0.9178861975669861,9,-1,-1
180,-1,2377,1189,244,131,0.9017011523246765,4,-1,-1
180,-1,2074,1150,251,179,0.8618527054786682,5,-1,-1
180,-1,1577,845,116,47,0.8188150525093079,4,-1,-1
180,-1,2673,941,47,116,0.5399911403656006,6,-1,-1
20,-1,1502,479,218,100,0.8524910807609558,6,-1,-1
20,-1,0,452,77,66,0.8343409895896912,6,-1,-1
20,-1,785,590,186,84,0.4711073040962219,6,-1,-1
151,-1,975,519,181,93,0.9140870571136475,9,-1,-1
151,-1,2182,1128,204,96,0.8937917947769165,4,-1,-1
151,-1,1214,948,147,87,0.8862206935882568,4,-1,-1
151,-1,2481,989,157,65,0.8801437616348267,4,-1,-1
151,-1,926,920,160,101,0.5256180167198181,5,-1,-1
151,-1,925,920,161,101,0.2583387792110443,6,-1,-1
249,-1,1648,850,149,66,0.8839462995529175,4,-1,-1
249,-1,1743,771,129,50,0.8635272979736328,4,-1,-1
249,-1,2172,860,152,56,0.8486723899841309,4,-1,-1
17,-1,687,605,198,85,0.8917808532714844,6,-1,-1
17,-1,1457,482,223,105,0.850602924823761,6,-1,-1
17,-1,0,455,54,65,0.7960892915725708,6,-1,-1
17,-1,1597,436,61,49,0.39413949847221375,6,-1,-1
17,-1,1196,337,51,21,0.25430890917778015,9,-1,-1
62,-1,2187,997,183,83,0.8856281638145447,4,-1,-1
62,-1,318,448,100,60,0.881516695022583,6,-1,-1
62,-1,2115,471,171,67,0.8092095851898193,6,-1,-1
62,-1,78,419,78,42,0.730492115020752,6,-1,-1
62,-1,111,539,60,46,0.6901583075523376,5,-1,-1
62,-1,1776,511,100,56,0.5220355987548828,6,-1,-1
62,-1,1881,453,68,60,0.3736017346382141,9,-1,-1
62,-1,1881,453,67,59,0.3696058988571167,6,-1,-1
62,-1,404,549,52,31,0.34915146231651306,4,-1,-1
251,-1,1584,839,146,67,0.8828884363174438,4,-1,-1
251,-1,1702,766,124,48,0.870905339717865,4,-1,-1
251,-1,2121,853,148,56,0.8392720222473145,4,-1,-1
66,-1,318,445,99,60,0.894041895866394,6,-1,-1
66,-1,2362,1031,197,91,0.8915903568267822,4,-1,-1
66,-1,1822,499,94,56,0.6937757730484009,6,-1,-1
66,-1,2135,469,177,62,0.6599710583686829,6,-1,-1
66,-1,360,537,54,30,0.6508544087409973,4,-1,-1
66,-1,1867,451,75,54,0.6296745538711548,6,-1,-1
66,-1,72,414,84,39,0.6268934011459351,6,-1,-1
66,-1,140,543,59,46,0.5596050024032593,5,-1,-1
2,-1,194,679,275,110,0.9031301736831665,6,-1,-1
2,-1,1304,499,260,101,0.8904001712799072,6,-1,-1
2,-1,0,455,63,66,0.8157704472541809,6,-1,-1
2,-1,1561,435,74,31,0.26299357414245605,9,-1,-1
179,-1,570,564,262,122,0.9153448939323425,9,-1,-1
179,-1,2326,1182,238,131,0.9067752957344055,4,-1,-1
179,-1,2025,1145,245,170,0.8660520911216736,5,-1,-1
179,-1,1604,851,118,53,0.6016431450843811,7,-1,-1
179,-1,363,609,75,36,0.34921929240226746,4,-1,-1
157,-1,901,526,196,100,0.9072022438049316,9,-1,-1
157,-1,1103,952,172,121,0.8947312831878662,5,-1,-1
157,-1,1392,991,158,90,0.8940547108650208,4,-1,-1
157,-1,2507,1199,212,107,0.878115713596344,4,-1,-1
157,-1,2265,961,147,61,0.8561310172080994,4,-1,-1
103,-1,1552,481,119,69,0.8866099119186401,9,-1,-1
103,-1,92,466,107,65,0.8718171715736389,6,-1,-1
103,-1,1918,496,170,49,0.6747620701789856,6,-1,-1
103,-1,2218,479,142,68,0.30316638946533203,6,-1,-1
169,-1,746,547,218,110,0.9102816581726074,9,-1,-1
169,-1,1545,1052,209,148,0.906865656375885,5,-1,-1
169,-1,1841,1091,196,111,0.8957904577255249,4,-1,-1
169,-1,1888,903,129,57,0.8649348020553589,4,-1,-1
174,-1,668,558,233,114,0.9152230024337769,9,-1,-1
174,-1,1778,1099,220,154,0.9008685946464539,5,-1,-1
174,-1,2071,1134,215,119,0.8932233452796936,4,-1,-1
174,-1,1743,880,122,50,0.8586006164550781,4,-1,-1
174,-1,362,609,69,34,0.49105337262153625,4,-1,-1
242,-1,2533,1256,187,128,0.885736346244812,4,-1,-1
242,-1,1886,896,165,72,0.8753127455711365,4,-1,-1
242,-1,1901,797,135,53,0.8691126108169556,4,-1,-1
242,-1,0,611,58,39,0.6250141859054565,4,-1,-1
242,-1,2361,887,163,59,0.5947820544242859,4,-1,-1
242,-1,348,551,71,30,0.3224545121192932,4,-1,-1
3,-1,1314,500,259,105,0.8848975896835327,6,-1,-1
3,-1,238,672,273,106,0.8719293475151062,6,-1,-1
3,-1,0,455,63,66,0.8117031455039978,6,-1,-1
3,-1,2373,1002,347,439,0.4129489064216614,6,-1,-1
165,-1,801,540,212,108,0.9272408485412598,9,-1,-1
165,-1,1386,1016,191,136,0.9100398421287537,5,-1,-1
165,-1,1676,1056,184,102,0.903180718421936,4,-1,-1
165,-1,2009,923,134,57,0.8592824935913086,4,-1,-1
220,-1,1749,1031,201,94,0.9038738012313843,4,-1,-1
220,-1,1405,995,163,87,0.9014565944671631,4,-1,-1
220,-1,1616,755,185,103,0.8879658579826355,6,-1,-1
220,-1,2486,883,168,58,0.8654929995536804,4,-1,-1
220,-1,353,551,71,31,0.2975311279296875,4,-1,-1
205,-1,0,578,296,172,0.9249677062034607,9,-1,-1
205,-1,1973,806,207,111,0.8942327499389648,6,-1,-1
205,-1,1168,899,156,75,0.8171473741531372,4,-1,-1
205,-1,919,877,137,78,0.6065114140510559,6,-1,-1
205,-1,359,550,70,35,0.4016323387622833,5,-1,-1
222,-1,1842,1053,211,97,0.9071539640426636,4,-1,-1
222,-1,1481,1013,170,92,0.8938488364219666,4,-1,-1
222,-1,1571,749,182,100,0.8927993774414062,6,-1,-1
222,-1,2428,873,164,59,0.8472557663917542,4,-1,-1
222,-1,351,550,71,31,0.48381540179252625,4,-1,-1
250,-1,1616,845,147,66,0.890301525592804,4,-1,-1
250,-1,1723,768,127,49,0.8719683289527893,4,-1,-1
250,-1,2147,855,151,56,0.6843789219856262,4,-1,-1
111,-1,1493,486,126,72,0.9015198349952698,9,-1,-1
111,-1,84,466,111,65,0.8699374794960022,6,-1,-1
111,-1,1914,488,223,53,0.5974705219268799,6,-1,-1
77,-1,301,449,100,58,0.8750866651535034,6,-1,-1
77,-1,56,416,82,40,0.8544344305992126,6,-1,-1
77,-1,2206,470,180,69,0.8384844660758972,6,-1,-1
77,-1,197,572,67,51,0.668255627155304,5,-1,-1
77,-1,240,522,50,29,0.5938894748687744,4,-1,-1
77,-1,1938,500,86,51,0.4749840497970581,7,-1,-1
77,-1,1827,459,90,60,0.4286743402481079,9,-1,-1
77,-1,1827,459,90,61,0.4261392056941986,6,-1,-1
77,-1,1938,500,86,51,0.3423196077346802,6,-1,-1
181,-1,534,552,268,126,0.9112192392349243,9,-1,-1
181,-1,2432,1189,248,137,0.8994097709655762,4,-1,-1
181,-1,2127,1153,255,176,0.7633735537528992,5,-1,-1
181,-1,2643,926,76,110,0.7475540041923523,6,-1,-1
181,-1,1551,827,112,51,0.3040037453174591,7,-1,-1
209,-1,1873,793,201,104,0.8945590853691101,6,-1,-1
209,-1,1308,930,162,79,0.889402449131012,4,-1,-1
209,-1,1037,910,141,75,0.8812038898468018,4,-1,-1
209,-1,0,593,175,192,0.8719971179962158,9,-1,-1
209,-1,355,550,71,32,0.39517295360565186,4,-1,-1
183,-1,489,537,282,129,0.9109411239624023,9,-1,-1
183,-1,2579,903,140,133,0.870600163936615,6,-1,-1
183,-1,2541,1193,178,152,0.8642104268074036,4,-1,-1
183,-1,2232,1156,266,187,0.8140932321548462,5,-1,-1
183,-1,1504,799,107,51,0.3298507034778595,7,-1,-1
183,-1,2232,1155,267,188,0.3076920807361603,4,-1,-1
41,-1,1489,543,134,64,0.8950451016426086,6,-1,-1
41,-1,1930,1021,178,88,0.8931553363800049,4,-1,-1
41,-1,332,447,97,59,0.8732333779335022,6,-1,-1
41,-1,1498,838,126,59,0.8583796620368958,4,-1,-1
41,-1,90,417,81,39,0.8289791941642761,6,-1,-1
41,-1,153,550,56,31,0.7725639939308167,4,-1,-1
41,-1,245,554,49,26,0.7466482520103455,4,-1,-1
41,-1,1981,475,191,73,0.7226803302764893,6,-1,-1
41,-1,0,500,28,37,0.7127432227134705,5,-1,-1
41,-1,754,564,58,27,0.3456628620624542,4,-1,-1
100,-1,96,466,108,65,0.8695154786109924,6,-1,-1
100,-1,2203,481,177,71,0.8343660831451416,6,-1,-1
100,-1,1572,481,117,67,0.786135196685791,9,-1,-1
100,-1,1928,506,138,41,0.5010788440704346,6,-1,-1
84,-1,2209,472,174,71,0.8571633100509644,6,-1,-1
84,-1,232,452,102,61,0.8516954183578491,6,-1,-1
84,-1,176,598,69,55,0.7435477375984192,5,-1,-1
84,-1,0,415,62,46,0.7370158433914185,6,-1,-1
84,-1,1751,464,101,62,0.6011093258857727,9,-1,-1
84,-1,1957,500,90,48,0.5372127890586853,7,-1,-1
84,-1,105,517,49,29,0.4789876937866211,4,-1,-1
171,-1,1635,1071,212,149,0.907804548740387,5,-1,-1
171,-1,711,551,227,113,0.9043083786964417,9,-1,-1
171,-1,1929,1109,203,113,0.8961532115936279,4,-1,-1
171,-1,1827,893,125,54,0.8849461674690247,4,-1,-1
171,-1,365,609,69,35,0.2614782154560089,5,-1,-1
55,-1,2482,1163,236,112,0.8843270540237427,4,-1,-1
55,-1,1924,937,159,75,0.8816478848457336,4,-1,-1
55,-1,1686,519,112,60,0.8666873574256897,6,-1,-1
55,-1,2070,472,181,67,0.861537516117096,6,-1,-1
55,-1,323,448,99,60,0.8589377999305725,6,-1,-1
55,-1,82,418,81,43,0.8158764243125916,6,-1,-1
55,-1,64,525,56,43,0.7828771471977234,5,-1,-1
55,-1,1901,452,62,54,0.7750604748725891,9,-1,-1
55,-1,358,585,59,29,0.7398751378059387,4,-1,-1
55,-1,261,579,58,35,0.7076177000999451,4,-1,-1
55,-1,480,563,56,29,0.5193246603012085,5,-1,-1
153,-1,949,522,187,95,0.9085074067115784,9,-1,-1
153,-1,1269,963,152,87,0.8985954523086548,4,-1,-1
153,-1,2284,1151,214,100,0.8829466104507446,4,-1,-1
153,-1,2408,981,153,61,0.8115808367729187,4,-1,-1
153,-1,982,922,163,116,0.6099702715873718,5,-1,-1
153,-1,2078,469,83,36,0.46202829480171204,6,-1,-1
153,-1,982,921,163,118,0.3825031518936157,6,-1,-1
80,-1,293,449,99,59,0.8783321976661682,6,-1,-1
80,-1,1814,461,92,61,0.8692646622657776,9,-1,-1
80,-1,2226,474,178,67,0.8585185408592224,6,-1,-1
80,-1,48,416,81,41,0.8217020034790039,6,-1,-1
80,-1,211,581,65,49,0.7941373586654663,5,-1,-1
80,-1,207,516,46,31,0.5453500151634216,5,-1,-1
80,-1,1972,501,73,48,0.4780902564525604,7,-1,-1
27,-1,1383,909,141,71,0.8864746689796448,4,-1,-1
27,-1,148,450,105,61,0.8845418095588684,6,-1,-1
27,-1,1091,572,154,74,0.8373762369155884,6,-1,-1
27,-1,1709,476,204,91,0.796089768409729,6,-1,-1
140,-1,1134,508,159,86,0.9187583327293396,9,-1,-1
140,-1,1726,1024,168,84,0.8836823105812073,4,-1,-1
140,-1,0,473,46,64,0.7979187369346619,6,-1,-1
140,-1,2338,481,210,72,0.7709996700286865,6,-1,-1
140,-1,411,601,69,31,0.5897777080535889,4,-1,-1
191,-1,306,535,316,141,0.9154893755912781,9,-1,-1
191,-1,2343,856,236,111,0.9081889390945435,6,-1,-1
115,-1,1464,488,126,74,0.8978403806686401,9,-1,-1
115,-1,81,466,110,65,0.875585675239563,6,-1,-1
76,-1,303,449,99,58,0.8703091740608215,6,-1,-1
76,-1,60,416,83,40,0.8485023379325867,6,-1,-1
76,-1,2203,471,176,67,0.7934606671333313,6,-1,-1
76,-1,1829,457,91,61,0.7769390940666199,9,-1,-1
76,-1,1927,500,88,52,0.6912838816642761,7,-1,-1
76,-1,193,568,63,50,0.6484835147857666,5,-1,-1
76,-1,250,525,50,26,0.4911803603172302,5,-1,-1
76,-1,251,525,49,27,0.3466527462005615,4,-1,-1
186,-1,440,522,278,133,0.9143555760383606,9,-1,-1
186,-1,2489,873,231,129,0.9006955027580261,6,-1,-1
186,-1,2405,1172,282,196,0.8428671956062317,6,-1,-1
193,-1,260,539,324,145,0.9133577346801758,9,-1,-1
193,-1,2284,848,235,118,0.9128778576850891,6,-1,-1
193,-1,642,393,61,23,0.28631070256233215,4,-1,-1
108,-1,1518,486,122,69,0.8759630918502808,9,-1,-1
108,-1,90,469,109,63,0.855084240436554,6,-1,-1
108,-1,2052,500,67,40,0.3061031401157379,7,-1,-1
25,-1,1294,898,138,67,0.8691214323043823,4,-1,-1
25,-1,94,452,106,61,0.8415822386741638,6,-1,-1
25,-1,1645,478,210,95,0.7416228652000427,6,-1,-1
25,-1,1003,575,169,79,0.6249710917472839,6,-1,-1
25,-1,1307,338,50,20,0.31223297119140625,9,-1,-1
13,-1,575,618,217,96,0.856203556060791,6,-1,-1
13,-1,1423,483,228,97,0.8487610220909119,6,-1,-1
13,-1,0,455,56,66,0.7162001729011536,6,-1,-1
13,-1,1585,436,69,39,0.5926327705383301,9,-1,-1
36,-1,1770,981,166,81,0.887315034866333,4,-1,-1
36,-1,336,446,97,59,0.8557934165000916,6,-1,-1
36,-1,1376,808,113,56,0.8459896445274353,4,-1,-1
36,-1,94,416,81,39,0.8339641690254211,6,-1,-1
36,-1,1946,477,190,77,0.8098984360694885,6,-1,-1
36,-1,59,490,36,23,0.7837658524513245,4,-1,-1
36,-1,1405,552,141,67,0.7770652770996094,6,-1,-1
36,-1,117,538,51,30,0.6870811581611633,4,-1,-1
36,-1,206,542,49,26,0.6228371262550354,4,-1,-1
36,-1,1866,337,34,17,0.2660222351551056,4,-1,-1
129,-1,0,468,79,69,0.8791159391403198,6,-1,-1
129,-1,1265,501,144,81,0.86740642786026,9,-1,-1
129,-1,1356,940,142,68,0.7647703289985657,6,-1,-1
129,-1,440,601,66,31,0.4872669279575348,5,-1,-1
129,-1,2088,489,87,36,0.32626137137413025,6,-1,-1
129,-1,2086,491,57,34,0.2929823398590088,6,-1,-1
229,-1,2209,1133,243,114,0.9051050543785095,4,-1,-1
229,-1,1789,1085,192,102,0.9000691771507263,4,-1,-1
229,-1,2413,994,198,84,0.8882560133934021,4,-1,-1
229,-1,2232,848,150,55,0.869053065776825,4,-1,-1
229,-1,1428,731,168,92,0.8572461605072021,6,-1,-1
229,-1,349,550,72,32,0.3474665880203247,4,-1,-1
40,-1,1895,1012,177,88,0.8895264267921448,4,-1,-1
40,-1,1474,832,122,58,0.8704157471656799,4,-1,-1
40,-1,1472,545,133,65,0.8672882318496704,6,-1,-1
40,-1,331,447,99,58,0.8652606010437012,6,-1,-1
40,-1,89,416,83,40,0.8431516885757446,6,-1,-1
40,-1,1975,477,186,72,0.7954012155532837,6,-1,-1
40,-1,0,500,22,34,0.7082598805427551,5,-1,-1
40,-1,148,546,53,32,0.28707870841026306,4,-1,-1
97,-1,97,467,109,64,0.8620768785476685,6,-1,-1
97,-1,2186,481,180,69,0.8540672063827515,6,-1,-1
97,-1,1591,479,117,67,0.817855954170227,9,-1,-1
97,-1,1919,506,131,43,0.6665264368057251,6,-1,-1
216,-1,1574,993,187,88,0.8975009918212891,4,-1,-1
216,-1,1259,961,155,82,0.8896041512489319,4,-1,-1
216,-1,1706,769,190,99,0.8868098258972168,6,-1,-1
216,-1,2605,896,114,59,0.8054457306861877,4,-1,-1
142,-1,1101,511,162,86,0.9080413579940796,9,-1,-1
142,-1,1795,1041,174,84,0.8861187696456909,4,-1,-1
142,-1,0,478,28,58,0.7383876442909241,6,-1,-1
142,-1,400,601,65,33,0.4864654242992401,5,-1,-1
91,-1,107,467,106,63,0.8549180626869202,6,-1,-1
91,-1,2155,479,170,71,0.8448405861854553,6,-1,-1
91,-1,1629,477,105,64,0.8188685178756714,9,-1,-1
91,-1,112,639,80,53,0.7789475321769714,5,-1,-1
91,-1,1930,509,75,43,0.6075552105903625,6,-1,-1
91,-1,562,591,61,32,0.47650590538978577,5,-1,-1
63,-1,318,448,99,60,0.8922691941261292,6,-1,-1
63,-1,2230,1004,186,85,0.8871381282806396,4,-1,-1
63,-1,1787,509,101,53,0.7825232744216919,6,-1,-1
63,-1,1878,452,71,56,0.748917281627655,6,-1,-1
63,-1,2122,468,169,65,0.6350215673446655,6,-1,-1
63,-1,120,541,59,44,0.553961992263794,4,-1,-1
63,-1,319,594,66,36,0.5314829349517822,4,-1,-1
63,-1,73,418,84,38,0.5070102214813232,6,-1,-1
211,-1,1824,786,197,106,0.9107649922370911,6,-1,-1
211,-1,1099,924,144,77,0.8987582921981812,4,-1,-1
211,-1,1379,946,169,80,0.898043692111969,4,-1,-1
211,-1,0,604,108,173,0.7646183371543884,9,-1,-1
70,-1,2562,1084,158,94,0.8839312791824341,4,-1,-1
70,-1,313,446,98,59,0.8566941618919373,6,-1,-1
70,-1,2160,468,174,66,0.8552328944206238,6,-1,-1
70,-1,69,414,82,41,0.8385313153266907,6,-1,-1
70,-1,163,553,59,47,0.8374600410461426,5,-1,-1
70,-1,316,531,52,29,0.6845824718475342,4,-1,-1
70,-1,1855,453,100,99,0.25691625475883484,6,-1,-1
199,-1,96,555,356,161,0.9191984534263611,9,-1,-1
199,-1,2126,827,219,112,0.909776508808136,6,-1,-1
155,-1,927,524,191,98,0.9152151942253113,9,-1,-1
155,-1,1327,975,156,91,0.8945061564445496,4,-1,-1
155,-1,2392,1173,225,105,0.8929330706596375,4,-1,-1
155,-1,1042,937,167,119,0.846685528755188,5,-1,-1
155,-1,2335,972,150,57,0.8362948894500732,4,-1,-1
155,-1,2082,468,78,36,0.2535105347633362,6,-1,-1
243,-1,1852,888,162,73,0.8791616559028625,4,-1,-1
243,-1,1877,794,135,52,0.8699365854263306,4,-1,-1
243,-1,2603,1271,116,124,0.8630560636520386,4,-1,-1
243,-1,2334,884,159,59,0.7125440835952759,4,-1,-1
243,-1,347,550,72,31,0.3917422294616699,4,-1,-1
187,-1,419,523,282,137,0.9160293936729431,9,-1,-1
187,-1,2457,868,248,131,0.9047150015830994,6,-1,-1
187,-1,2465,1184,254,203,0.895149290561676,6,-1,-1
81,-1,285,448,100,60,0.8860562443733215,6,-1,-1
81,-1,2233,474,174,69,0.8651703596115112,6,-1,-1
81,-1,210,585,67,50,0.7997449636459351,5,-1,-1
81,-1,41,417,82,40,0.7844591736793518,6,-1,-1
81,-1,1809,462,90,61,0.7685039043426514,9,-1,-1
81,-1,188,517,49,29,0.5216158628463745,4,-1,-1
15,-1,1441,483,228,97,0.8481784462928772,6,-1,-1
15,-1,635,612,205,93,0.8105387687683105,6,-1,-1
15,-1,1589,436,67,47,0.7864348292350769,9,-1,-1
15,-1,0,455,55,66,0.6952978372573853,6,-1,-1
15,-1,2496,505,65,27,0.4225614070892334,4,-1,-1
15,-1,1196,337,51,21,0.36894574761390686,9,-1,-1
21,-1,828,586,181,86,0.8857680559158325,6,-1,-1
21,-1,0,452,97,65,0.871685802936554,6,-1,-1
21,-1,1538,480,208,87,0.858238160610199,6,-1,-1
21,-1,1119,875,137,64,0.7263162136077881,4,-1,-1
21,-1,465,570,62,26,0.32302382588386536,4,-1,-1
21,-1,1227,338,51,21,0.2658359706401825,9,-1,-1
14,-1,1434,483,226,100,0.8686153292655945,6,-1,-1
14,-1,604,615,216,93,0.8527277112007141,6,-1,-1
14,-1,0,455,55,66,0.6661259531974792,6,-1,-1
14,-1,1587,436,68,45,0.6182156205177307,9,-1,-1
14,-1,2484,505,64,27,0.35801586508750916,4,-1,-1
14,-1,1196,337,50,22,0.3031947910785675,9,-1,-1
264,-1,110,564,66,29,0.6367529034614563,4,-1,-1
264,-1,1801,819,139,57,0.3938038647174835,4,-1,-1
120,-1,1394,493,132,73,0.8799350261688232,9,-1,-1
120,-1,41,464,110,68,0.8743582367897034,6,-1,-1
120,-1,2094,494,58,37,0.317069947719574,6,-1,-1
120,-1,506,599,60,25,0.28798288106918335,4,-1,-1
170,-1,1591,1062,210,148,0.9139421582221985,5,-1,-1
170,-1,731,549,221,111,0.9131628274917603,9,-1,-1
170,-1,1887,1100,198,111,0.8974428176879883,4,-1,-1
170,-1,1859,899,127,56,0.8796863555908203,4,-1,-1
161,-1,849,533,206,103,0.9150003790855408,9,-1,-1
161,-1,1238,982,181,130,0.912995457649231,5,-1,-1
161,-1,1527,1022,170,99,0.8896698355674744,4,-1,-1
161,-1,2135,942,141,61,0.8488894701004028,4,-1,-1
161,-1,370,605,70,32,0.5794441103935242,4,-1,-1
256,-1,1436,818,134,63,0.8909108638763428,4,-1,-1
256,-1,1607,756,114,44,0.8526198863983154,4,-1,-1
256,-1,1996,842,146,56,0.8079622983932495,4,-1,-1
105,-1,1540,483,117,69,0.8706710934638977,9,-1,-1
105,-1,91,468,109,64,0.8595937490463257,6,-1,-1
105,-1,1920,496,183,48,0.621338963508606,6,-1,-1
105,-1,2227,485,134,58,0.3555952310562134,6,-1,-1
198,-1,119,553,357,157,0.9171501994132996,9,-1,-1
198,-1,2153,831,218,108,0.900725245475769,6,-1,-1
230,-1,2267,1146,250,115,0.9090554118156433,4,-1,-1
230,-1,1836,1097,197,105,0.8920134902000427,4,-1,-1
230,-1,2365,985,196,83,0.8894928693771362,4,-1,-1
230,-1,2206,844,148,55,0.8586331605911255,4,-1,-1
230,-1,349,550,72,32,0.38324788212776184,4,-1,-1
136,-1,1196,505,153,84,0.9108988642692566,9,-1,-1
136,-1,0,470,76,66,0.8741108179092407,6,-1,-1
136,-1,1594,994,159,74,0.8732112050056458,4,-1,-1
136,-1,436,601,70,33,0.5055389404296875,4,-1,-1
255,-1,1621,756,122,46,0.8612615466117859,4,-1,-1
255,-1,2019,844,146,57,0.8391281366348267,4,-1,-1
255,-1,1464,822,134,62,0.8156239986419678,4,-1,-1
255,-1,1574,833,24,47,0.3412960171699524,1,-1,-1
67,-1,318,445,99,60,0.8932543396949768,6,-1,-1
67,-1,2410,1046,200,90,0.8877613544464111,4,-1,-1
67,-1,2140,467,176,69,0.8296165466308594,6,-1,-1
67,-1,145,546,60,45,0.7978926301002502,5,-1,-1
67,-1,74,414,80,39,0.7405087947845459,6,-1,-1
67,-1,351,535,50,29,0.7240048050880432,4,-1,-1
67,-1,1858,451,82,62,0.47885867953300476,6,-1,-1
67,-1,1830,490,94,65,0.3332598805427551,6,-1,-1
150,-1,987,518,180,92,0.9119599461555481,9,-1,-1
150,-1,2130,1115,203,98,0.8823019862174988,4,-1,-1
150,-1,1185,941,148,87,0.8757388591766357,4,-1,-1
150,-1,2519,995,158,63,0.8593897223472595,4,-1,-1
150,-1,925,925,132,87,0.4189499616622925,4,-1,-1
150,-1,920,924,137,88,0.3197881579399109,6,-1,-1
150,-1,2059,469,91,39,0.2509249746799469,6,-1,-1
150,-1,372,602,64,29,0.2500755488872528,5,-1,-1
144,-1,1067,511,168,89,0.9160780310630798,9,-1,-1
144,-1,1866,1056,180,87,0.8857311010360718,4,-1,-1
144,-1,384,601,66,33,0.319433331489563,4,-1,-1
82,-1,276,449,101,60,0.8571006059646606,6,-1,-1
82,-1,1796,462,93,62,0.8515018820762634,9,-1,-1
82,-1,2233,472,174,68,0.8491848707199097,6,-1,-1
82,-1,25,416,87,42,0.8220178484916687,6,-1,-1
82,-1,207,588,70,52,0.7483052611351013,5,-1,-1
82,-1,170,517,48,28,0.4775840938091278,4,-1,-1
82,-1,1976,501,84,47,0.2615727186203003,7,-1,-1
192,-1,283,536,322,144,0.9104791879653931,9,-1,-1
192,-1,2314,852,234,112,0.9090760350227356,6,-1,-1
58,-1,2032,963,168,77,0.8807693719863892,4,-1,-1
58,-1,322,448,97,61,0.8624722957611084,6,-1,-1
58,-1,2077,473,188,76,0.8373354077339172,6,-1,-1
58,-1,80,419,82,42,0.7771344184875488,6,-1,-1
58,-1,282,585,60,35,0.7573189735412598,4,-1,-1
58,-1,2628,1199,91,122,0.7329042553901672,4,-1,-1
58,-1,1725,516,108,57,0.7322273850440979,6,-1,-1
58,-1,84,534,59,42,0.6712062954902649,5,-1,-1
58,-1,445,557,56,31,0.5090298056602478,4,-1,-1
58,-1,1894,453,64,59,0.4772881269454956,9,-1,-1
58,-1,750,568,62,26,0.4616483151912689,4,-1,-1
58,-1,389,593,58,30,0.26945382356643677,4,-1,-1
6,-1,1352,492,245,100,0.8864757418632507,6,-1,-1
6,-1,350,656,248,105,0.8846659064292908,6,-1,-1
6,-1,0,456,62,65,0.7859031558036804,6,-1,-1
6,-1,1573,436,70,42,0.4356548488140106,9,-1,-1
6,-1,1199,337,53,22,0.3997713625431061,9,-1,-1
204,-1,0,573,323,171,0.9083876013755798,9,-1,-1
204,-1,1998,811,209,111,0.9004434943199158,6,-1,-1
204,-1,359,549,72,33,0.40671560168266296,4,-1,-1
49,-1,2221,1096,210,101,0.8983455300331116,4,-1,-1
49,-1,326,448,100,60,0.8789445161819458,6,-1,-1
49,-1,1723,891,146,68,0.8777070641517639,4,-1,-1
49,-1,25,515,54,40,0.8316475749015808,5,-1,-1
49,-1,2036,472,178,77,0.8024999499320984,6,-1,-1
49,-1,213,568,57,31,0.7984975576400757,4,-1,-1
49,-1,1608,530,124,58,0.7944759726524353,6,-1,-1
49,-1,85,419,81,42,0.7782547473907471,6,-1,-1
49,-1,306,572,56,27,0.7690216302871704,4,-1,-1
49,-1,1912,452,59,51,0.5435653924942017,9,-1,-1
104,-1,1545,482,120,70,0.881393313407898,9,-1,-1
104,-1,92,467,108,65,0.8600868582725525,6,-1,-1
104,-1,1927,496,170,49,0.6380628347396851,6,-1,-1
258,-1,1564,754,118,46,0.7091094255447388,4,-1,-1
258,-1,1378,812,133,62,0.5433211922645569,6,-1,-1
258,-1,1945,839,146,57,0.48101454973220825,4,-1,-1
258,-1,1377,812,134,63,0.29810211062431335,4,-1,-1
227,-1,2097,1109,235,109,0.899992048740387,4,-1,-1
227,-1,1695,1064,185,100,0.8944836258888245,4,-1,-1
227,-1,2502,1011,207,87,0.887593150138855,4,-1,-1
227,-1,2288,855,154,56,0.8821344971656799,4,-1,-1
227,-1,1467,737,173,97,0.796604573726654,6,-1,-1
227,-1,352,550,70,34,0.37466827034950256,4,-1,-1
56,-1,2532,1175,188,116,0.8905410170555115,4,-1,-1
56,-1,1958,946,162,74,0.8854465484619141,4,-1,-1
56,-1,322,449,99,59,0.868682861328125,6,-1,-1
56,-1,72,530,56,41,0.838779091835022,5,-1,-1
56,-1,82,418,81,43,0.8215745687484741,6,-1,-1
56,-1,1898,452,64,56,0.7663930654525757,9,-1,-1
56,-1,365,589,63,27,0.7429161667823792,4,-1,-1
56,-1,270,581,59,33,0.7338579297065735,4,-1,-1
56,-1,1702,519,110,55,0.5583594441413879,6,-1,-1
56,-1,2067,473,188,70,0.5381762385368347,6,-1,-1
56,-1,471,560,54,32,0.458735853433609,5,-1,-1
162,-1,843,535,203,103,0.9112565517425537,9,-1,-1
162,-1,1275,990,183,132,0.9025625586509705,5,-1,-1
162,-1,1562,1027,176,102,0.8933731913566589,4,-1,-1
162,-1,2104,938,138,59,0.8543909788131714,4,-1,-1
162,-1,370,605,71,34,0.6707755327224731,4,-1,-1
127,-1,1284,499,141,79,0.873060405254364,9,-1,-1
127,-1,0,468,81,67,0.8723258972167969,6,-1,-1
127,-1,1297,920,137,69,0.6725509762763977,6,-1,-1
122,-1,0,465,98,69,0.8667168021202087,6,-1,-1
122,-1,1339,493,137,76,0.8017549514770508,9,-1,-1
122,-1,2240,477,208,76,0.7838199734687805,6,-1,-1
163,-1,831,536,205,105,0.9191331267356873,9,-1,-1
163,-1,1310,999,187,135,0.913198709487915,5,-1,-1
163,-1,1599,1035,180,106,0.8878151178359985,4,-1,-1
163,-1,2072,933,136,58,0.855796754360199,4,-1,-1
163,-1,366,605,74,35,0.2906327247619629,5,-1,-1
59,-1,2071,972,170,78,0.8832234144210815,4,-1,-1
59,-1,321,449,97,60,0.8750017881393433,6,-1,-1
59,-1,91,535,58,43,0.8251978158950806,5,-1,-1
59,-1,78,420,84,41,0.8212166428565979,6,-1,-1
59,-1,2076,473,197,68,0.7846250534057617,6,-1,-1
59,-1,291,590,59,32,0.7487275004386902,4,-1,-1
59,-1,1738,515,111,54,0.7026065587997437,6,-1,-1
59,-1,398,593,57,28,0.6376949548721313,4,-1,-1
59,-1,435,555,55,30,0.5574077367782593,5,-1,-1
59,-1,750,567,57,26,0.48504799604415894,4,-1,-1
59,-1,1893,454,65,57,0.31277284026145935,9,-1,-1
221,-1,1443,1003,166,91,0.8996145725250244,4,-1,-1
221,-1,1796,1042,205,96,0.8996133804321289,4,-1,-1
221,-1,1593,752,182,101,0.8879222273826599,6,-1,-1
221,-1,2456,878,167,59,0.8543304800987244,4,-1,-1
200,-1,59,557,372,163,0.911765456199646,9,-1,-1
200,-1,2102,824,215,113,0.9004964232444763,6,-1,-1
116,-1,80,465,110,66,0.8754115700721741,6,-1,-1
116,-1,1456,490,127,72,0.822185218334198,9,-1,-1
253,-1,1523,830,141,64,0.8767728805541992,4,-1,-1
253,-1,1658,760,125,47,0.8645665049552917,4,-1,-1
253,-1,2069,849,147,56,0.8537770509719849,4,-1,-1
253,-1,1157,284,54,25,0.28382307291030884,9,-1,-1
261,-1,1297,801,127,59,0.6671146750450134,6,-1,-1
244,-1,1816,880,159,74,0.9008868336677551,4,-1,-1
244,-1,1854,791,134,51,0.8860172033309937,4,-1,-1
244,-1,2306,878,161,61,0.8146365880966187,4,-1,-1
244,-1,2,615,78,33,0.4914783239364624,4,-1,-1
235,-1,2098,1157,220,113,0.9004737138748169,4,-1,-1
235,-1,2154,945,177,77,0.8862835168838501,4,-1,-1
235,-1,2072,825,144,54,0.8739916086196899,4,-1,-1
235,-1,2582,1215,137,121,0.8481868505477905,4,-1,-1
235,-1,2562,913,157,61,0.6710896492004395,4,-1,-1
235,-1,352,550,69,32,0.33233389258384705,4,-1,-1
146,-1,1033,513,173,88,0.908504068851471,9,-1,-1
146,-1,1944,1075,187,89,0.8851187825202942,4,-1,-1
146,-1,372,601,66,30,0.5208514332771301,5,-1,-1
72,-1,312,446,96,61,0.8727854490280151,6,-1,-1
72,-1,2177,473,171,63,0.8576924800872803,6,-1,-1
72,-1,65,415,85,41,0.8550792336463928,6,-1,-1
72,-1,2672,1114,48,102,0.7554340362548828,4,-1,-1
72,-1,297,528,49,30,0.741711437702179,4,-1,-1
72,-1,173,559,61,48,0.6078891158103943,4,-1,-1
72,-1,1887,501,85,51,0.40129387378692627,7,-1,-1
72,-1,1840,455,87,59,0.2947130799293518,6,-1,-1
73,-1,2184,472,171,64,0.8655832409858704,6,-1,-1
73,-1,311,447,96,60,0.8646966218948364,6,-1,-1
73,-1,63,416,81,40,0.8239502906799316,6,-1,-1
73,-1,1835,456,92,59,0.7355915307998657,6,-1,-1
73,-1,177,562,64,48,0.6417004466056824,5,-1,-1
73,-1,283,529,50,28,0.6110728979110718,4,-1,-1
152,-1,964,522,185,93,0.9164724349975586,9,-1,-1
152,-1,2442,987,157,60,0.8868919610977173,4,-1,-1
152,-1,2233,1139,207,99,0.8867330551147461,4,-1,-1
152,-1,1241,955,150,87,0.8864770531654358,4,-1,-1
152,-1,954,921,160,108,0.831514298915863,5,-1,-1
152,-1,2077,470,78,36,0.3363327383995056,6,-1,-1
172,-1,697,553,229,114,0.9134852290153503,9,-1,-1
172,-1,1974,1116,206,116,0.9028739333152771,4,-1,-1
172,-1,1680,1081,217,153,0.8928061127662659,5,-1,-1
172,-1,1798,889,126,52,0.8735999464988708,4,-1,-1
172,-1,364,609,66,35,0.4029883146286011,5,-1,-1
106,-1,1533,484,118,69,0.8877865672111511,9,-1,-1
106,-1,89,469,111,63,0.8641676902770996,6,-1,-1
106,-1,1918,496,190,49,0.518643319606781,6,-1,-1
252,-1,1553,835,145,66,0.8809604644775391,4,-1,-1
252,-1,1682,761,123,49,0.8792449831962585,4,-1,-1
252,-1,2095,852,149,54,0.8684161305427551,4,-1,-1
79,-1,1819,461,92,59,0.8774843215942383,9,-1,-1
79,-1,297,449,99,59,0.8757662773132324,6,-1,-1
79,-1,52,417,83,39,0.8417621850967407,6,-1,-1
79,-1,2220,475,179,65,0.8416165113449097,6,-1,-1
79,-1,1960,500,80,50,0.7345713973045349,7,-1,-1
79,-1,218,520,48,28,0.5969136953353882,5,-1,-1
79,-1,206,578,67,49,0.5881531238555908,5,-1,-1
185,-1,461,524,275,132,0.9120076298713684,9,-1,-1
185,-1,2519,881,200,124,0.8998414278030396,6,-1,-1
185,-1,2346,1162,276,194,0.8003604412078857,6,-1,-1
185,-1,2661,1204,59,137,0.7216405272483826,4,-1,-1
185,-1,361,554,72,33,0.33069702982902527,4,-1,-1
109,-1,1509,485,124,71,0.8971689939498901,9,-1,-1
109,-1,87,468,109,64,0.8558894991874695,6,-1,-1
109,-1,1923,495,201,47,0.5538309812545776,6,-1,-1
46,-1,2105,1066,197,96,0.8964196443557739,4,-1,-1
46,-1,328,450,98,58,0.8796578645706177,6,-1,-1
46,-1,1634,869,138,65,0.8697142004966736,4,-1,-1
46,-1,2017,473,179,74,0.8570055961608887,6,-1,-1
46,-1,1566,532,120,64,0.8472043871879578,6,-1,-1
46,-1,87,418,80,40,0.8057857751846313,6,-1,-1
46,-1,194,560,54,32,0.7941378355026245,4,-1,-1
46,-1,283,563,52,29,0.7448398470878601,4,-1,-1
46,-1,3,509,56,39,0.6864792704582214,5,-1,-1
46,-1,1918,453,55,48,0.28651341795921326,9,-1,-1
121,-1,13,468,109,66,0.8778343796730042,6,-1,-1
121,-1,1366,494,135,74,0.8545172810554504,9,-1,-1
69,-1,2506,1069,212,96,0.8960044980049133,4,-1,-1
69,-1,316,445,97,60,0.8747144937515259,6,-1,-1
69,-1,2152,468,174,66,0.8054810166358948,6,-1,-1
69,-1,155,551,63,46,0.7049432992935181,5,-1,-1
69,-1,329,532,50,30,0.6431763172149658,4,-1,-1
69,-1,70,415,84,40,0.5894055366516113,6,-1,-1
69,-1,1853,450,86,102,0.5752131342887878,6,-1,-1
9,-1,452,639,235,97,0.8823904395103455,6,-1,-1
9,-1,1384,487,238,109,0.8774054646492004,6,-1,-1
9,-1,0,456,59,65,0.7708809971809387,6,-1,-1
9,-1,1580,436,67,39,0.6118087768554688,9,-1,-1
9,-1,1199,337,52,22,0.3799978792667389,9,-1,-1
210,-1,1850,789,197,104,0.9031948447227478,6,-1,-1
210,-1,1067,916,142,76,0.9023020267486572,4,-1,-1
210,-1,1343,938,164,78,0.9016063809394836,4,-1,-1
210,-1,0,598,142,185,0.8417245149612427,9,-1,-1
148,-1,1013,515,172,90,0.9081812500953674,9,-1,-1
148,-1,2036,1094,192,93,0.8785961270332336,4,-1,-1
148,-1,2595,1003,125,64,0.8153069019317627,4,-1,-1
148,-1,372,601,66,32,0.4983091652393341,5,-1,-1
188,-1,388,526,294,137,0.9130855202674866,9,-1,-1
188,-1,2430,865,246,128,0.9059626460075378,6,-1,-1
188,-1,2530,1179,189,236,0.8096863627433777,6,-1,-1
263,-1,1824,825,140,58,0.8468238115310669,4,-1,-1
263,-1,121,569,68,27,0.6342557668685913,4,-1,-1
263,-1,343,554,62,28,0.5491660237312317,5,-1,-1
240,-1,2399,1225,252,128,0.9007654786109924,4,-1,-1
240,-1,1960,909,168,76,0.8849542737007141,4,-1,-1
240,-1,1948,805,137,53,0.8521757125854492,4,-1,-1
240,-1,0,608,41,39,0.6911558508872986,4,-1,-1
240,-1,2417,894,164,58,0.6526709198951721,4,-1,-1
240,-1,350,551,69,30,0.3377041816711426,4,-1,-1
64,-1,320,445,97,60,0.8901115655899048,6,-1,-1
64,-1,2271,1013,191,85,0.8792604207992554,4,-1,-1
64,-1,2127,468,172,66,0.8653928637504578,6,-1,-1
64,-1,77,415,82,40,0.7889437079429626,6,-1,-1
64,-1,1796,499,97,59,0.5692026615142822,6,-1,-1
64,-1,329,592,63,35,0.5480721592903137,4,-1,-1
64,-1,1872,450,74,57,0.5400387644767761,6,-1,-1
64,-1,126,541,59,44,0.5000135898590088,4,-1,-1
64,-1,1797,502,96,56,0.28702524304389954,7,-1,-1
64,-1,384,542,50,30,0.26733681559562683,5,-1,-1
134,-1,1217,505,151,82,0.8960555791854858,9,-1,-1
134,-1,1522,977,154,74,0.8954464793205261,4,-1,-1
134,-1,0,469,77,67,0.874768853187561,6,-1,-1
134,-1,440,601,65,31,0.5423555970191956,4,-1,-1
134,-1,2314,484,214,72,0.34876859188079834,6,-1,-1
206,-1,0,582,265,174,0.9250237941741943,9,-1,-1
206,-1,1949,803,203,105,0.8991705775260925,6,-1,-1
206,-1,1201,908,159,74,0.861900806427002,4,-1,-1
206,-1,949,888,136,75,0.7886587381362915,4,-1,-1
206,-1,359,550,70,34,0.45445841550827026,4,-1,-1
54,-1,2437,1149,232,113,0.9036178588867188,4,-1,-1
54,-1,1890,929,155,73,0.8748074173927307,4,-1,-1
54,-1,322,449,100,59,0.8547419905662537,6,-1,-1
54,-1,58,524,57,43,0.8235145807266235,5,-1,-1
54,-1,82,419,81,42,0.8042780756950378,6,-1,-1
54,-1,351,583,57,28,0.7837333083152771,4,-1,-1
54,-1,1674,521,113,59,0.7781938314437866,6,-1,-1
54,-1,251,577,62,34,0.7593420743942261,4,-1,-1
54,-1,1905,451,60,55,0.7325860261917114,9,-1,-1
54,-1,493,564,55,32,0.694346010684967,4,-1,-1
54,-1,2066,470,177,71,0.5600728988647461,6,-1,-1
223,-1,1890,1064,215,99,0.9051685333251953,4,-1,-1
223,-1,1521,1023,172,93,0.8913642764091492,4,-1,-1
223,-1,1552,748,178,95,0.8830232620239258,6,-1,-1
223,-1,2399,869,161,58,0.84762042760849,4,-1,-1
223,-1,351,550,71,31,0.37979140877723694,4,-1,-1
223,-1,2697,1023,23,89,0.28745174407958984,4,-1,-1
89,-1,110,466,107,64,0.8673075437545776,6,-1,-1
89,-1,2145,481,167,67,0.8550552725791931,6,-1,-1
89,-1,95,632,81,58,0.7899913191795349,5,-1,-1
89,-1,1642,476,102,63,0.7409963011741638,9,-1,-1
89,-1,1910,507,87,44,0.7215895652770996,6,-1,-1
202,-1,9,565,369,166,0.9231308102607727,9,-1,-1
202,-1,2049,817,214,112,0.9055684208869934,6,-1,-1
241,-1,2463,1241,257,129,0.8971511125564575,4,-1,-1
241,-1,1923,901,165,75,0.8749392032623291,4,-1,-1
241,-1,1922,801,139,53,0.8613849878311157,4,-1,-1
241,-1,0,617,52,35,0.555361270904541,4,-1,-1
241,-1,2389,891,164,59,0.3041454255580902,4,-1,-1
241,-1,349,551,70,30,0.2917245626449585,4,-1,-1
85,-1,203,456,102,62,0.8594155311584473,6,-1,-1
85,-1,2191,480,177,68,0.8578456044197083,6,-1,-1
85,-1,155,607,74,54,0.7342830896377563,5,-1,-1
85,-1,67,521,49,29,0.7164941430091858,4,-1,-1
85,-1,1946,506,82,45,0.7054353952407837,6,-1,-1
85,-1,1726,469,102,63,0.5902568697929382,6,-1,-1
85,-1,0,426,36,41,0.5877653956413269,6,-1,-1
53,-1,2390,1138,229,110,0.8933044672012329,4,-1,-1
53,-1,1856,922,152,72,0.8785974979400635,4,-1,-1
53,-1,1661,521,118,60,0.8725460767745972,6,-1,-1
53,-1,324,449,99,59,0.8652216792106628,6,-1,-1
53,-1,51,523,55,40,0.8527346253395081,5,-1,-1
53,-1,83,419,80,42,0.8384096622467041,6,-1,-1
53,-1,2062,470,175,69,0.8197866082191467,6,-1,-1
53,-1,245,575,58,34,0.7389616966247559,4,-1,-1
53,-1,343,581,43,26,0.7125598788261414,4,-1,-1
53,-1,1907,451,59,54,0.6817915439605713,9,-1,-1
53,-1,505,566,54,32,0.40942415595054626,5,-1,-1
31,-1,253,448,100,59,0.897154688835144,6,-1,-1
31,-1,1566,939,149,73,0.884191632270813,4,-1,-1
31,-1,1251,564,148,71,0.8565723896026611,6,-1,-1
31,-1,1831,476,196,84,0.8020451664924622,6,-1,-1
31,-1,80,538,50,25,0.7864499092102051,4,-1,-1
31,-1,0,419,85,40,0.7434525489807129,6,-1,-1
31,-1,0,500,39,22,0.6905419826507568,4,-1,-1
31,-1,0,540,40,23,0.6260594129562378,4,-1,-1
7,-1,1363,491,242,104,0.8836382031440735,6,-1,-1
7,-1,0,456,60,65,0.8006517887115479,6,-1,-1
7,-1,383,652,245,104,0.7013588547706604,6,-1,-1
7,-1,1575,435,66,44,0.6429808139801025,9,-1,-1
7,-1,1199,337,52,22,0.4670174717903137,9,-1,-1
219,-1,1367,985,161,88,0.9077919721603394,4,-1,-1
219,-1,1703,1021,198,94,0.9046451449394226,4,-1,-1
219,-1,1637,757,187,103,0.8865971565246582,6,-1,-1
219,-1,2515,887,169,59,0.8722686767578125,4,-1,-1
93,-1,1616,477,109,66,0.8701528906822205,9,-1,-1
93,-1,102,467,109,64,0.8640619516372681,6,-1,-1
93,-1,2167,480,176,68,0.8180980682373047,6,-1,-1
93,-1,127,646,76,50,0.6789999604225159,5,-1,-1
93,-1,560,592,59,34,0.6066126823425293,5,-1,-1
93,-1,1934,508,85,42,0.3444264531135559,7,-1,-1
35,-1,1739,973,162,80,0.8793593645095825,4,-1,-1
35,-1,334,447,99,58,0.8541500568389893,6,-1,-1
35,-1,92,417,81,38,0.8394944667816162,6,-1,-1
35,-1,1387,554,141,68,0.8368554711341858,6,-1,-1
35,-1,61,493,41,21,0.8010419011116028,4,-1,-1
35,-1,1351,802,113,55,0.8009706139564514,4,-1,-1
35,-1,197,542,49,25,0.6749752163887024,4,-1,-1
35,-1,108,538,52,28,0.6731172204017639,4,-1,-1
35,-1,753,563,60,26,0.4834495782852173,4,-1,-1
149,-1,1001,515,175,93,0.9156186580657959,9,-1,-1
149,-1,2084,1105,197,93,0.880403995513916,4,-1,-1
149,-1,1154,934,151,85,0.8789340257644653,4,-1,-1
149,-1,2556,998,163,65,0.8506708145141602,4,-1,-1
149,-1,918,922,111,79,0.6656073331832886,4,-1,-1
149,-1,371,602,64,31,0.48896321654319763,5,-1,-1
143,-1,1084,510,167,89,0.9095836877822876,9,-1,-1
143,-1,1829,1048,179,86,0.8829612731933594,4,-1,-1
143,-1,0,477,20,58,0.5342096090316772,6,-1,-1
143,-1,389,601,68,31,0.46014079451560974,4,-1,-1
246,-1,1747,868,157,70,0.8756123781204224,4,-1,-1
246,-1,1809,783,132,51,0.8709756135940552,4,-1,-1
246,-1,2251,869,156,61,0.6045628190040588,4,-1,-1
246,-1,631,390,58,21,0.31479454040527344,4,-1,-1
225,-1,1991,1086,225,104,0.9061967730522156,4,-1,-1
225,-1,1606,1044,180,96,0.8935161232948303,4,-1,-1
225,-1,2344,861,158,59,0.8784577250480652,4,-1,-1
225,-1,1509,742,175,94,0.8645473718643188,6,-1,-1
225,-1,2597,1026,123,88,0.8156343698501587,4,-1,-1
225,-1,352,550,69,33,0.3659263253211975,4,-1,-1
98,-1,2193,479,181,69,0.8705441951751709,6,-1,-1
98,-1,96,467,109,63,0.8624200224876404,6,-1,-1
98,-1,1585,479,121,67,0.8373733758926392,9,-1,-1
98,-1,1928,505,126,42,0.5373709797859192,6,-1,-1
30,-1,1519,930,148,75,0.8905318379402161,4,-1,-1
30,-1,229,447,100,61,0.811398446559906,6,-1,-1
30,-1,1216,565,151,70,0.7987143993377686,6,-1,-1
30,-1,43,537,51,26,0.7274788618087769,4,-1,-1
30,-1,1789,477,212,97,0.6787621378898621,6,-1,-1
30,-1,0,417,58,45,0.618599534034729,6,-1,-1
30,-1,0,503,18,23,0.3735921382904053,4,-1,-1
30,-1,2624,436,39,30,0.30443108081817627,5,-1,-1
83,-1,256,448,101,62,0.8813775777816772,6,-1,-1
83,-1,2225,473,173,69,0.8728631734848022,6,-1,-1
83,-1,1778,463,96,61,0.8519578576087952,9,-1,-1
83,-1,1,417,94,44,0.7739653587341309,6,-1,-1
83,-1,194,593,71,53,0.6556069850921631,5,-1,-1
83,-1,1971,501,81,47,0.4492892622947693,7,-1,-1
83,-1,142,517,46,28,0.37884366512298584,5,-1,-1
83,-1,194,592,70,55,0.30456608533859253,4,-1,-1
107,-1,1521,485,124,69,0.8967433571815491,9,-1,-1
107,-1,90,470,108,62,0.8625332713127136,6,-1,-1
189,-1,358,528,304,140,0.9128601551055908,9,-1,-1
189,-1,2397,861,246,117,0.9041787385940552,6,-1,-1
189,-1,2591,1211,128,208,0.5187966227531433,6,-1,-1
201,-1,23,563,379,163,0.9125013947486877,9,-1,-1
201,-1,2074,822,213,109,0.9023575186729431,6,-1,-1
132,-1,1236,505,149,80,0.9105793833732605,9,-1,-1
132,-1,1453,965,151,69,0.876301646232605,4,-1,-1
132,-1,0,469,77,69,0.8671455383300781,6,-1,-1
132,-1,2106,484,54,41,0.7070281505584717,6,-1,-1
132,-1,441,601,62,29,0.3680190145969391,4,-1,-1
212,-1,1417,955,171,82,0.901117205619812,4,-1,-1
212,-1,1801,784,194,98,0.8966144919395447,6,-1,-1
212,-1,1129,932,147,77,0.8831332325935364,4,-1,-1
212,-1,0,605,76,162,0.6059078574180603,9,-1,-1
102,-1,1560,480,116,69,0.888660728931427,9,-1,-1
102,-1,93,466,108,65,0.8742143511772156,6,-1,-1
102,-1,2214,473,160,75,0.5605249404907227,6,-1,-1
114,-1,1470,487,131,75,0.8806537985801697,9,-1,-1
114,-1,83,467,109,64,0.8753543496131897,6,-1,-1
114,-1,2090,497,65,39,0.49734213948249817,7,-1,-1
43,-1,1998,1039,183,90,0.8979684114456177,4,-1,-1
43,-1,1519,539,127,64,0.8870577812194824,6,-1,-1
43,-1,1551,851,128,60,0.8857021331787109,4,-1,-1
43,-1,331,448,97,58,0.8718759417533875,6,-1,-1
43,-1,256,558,55,27,0.8356953263282776,4,-1,-1
43,-1,90,417,80,39,0.8200298547744751,6,-1,-1
43,-1,168,556,55,29,0.8015086650848389,4,-1,-1
43,-1,0,505,38,36,0.7192307114601135,5,-1,-1
43,-1,753,563,56,27,0.5859618782997131,4,-1,-1
43,-1,1996,477,179,79,0.5796293616294861,6,-1,-1
43,-1,1923,449,50,52,0.2596323788166046,9,-1,-1
43,-1,1018,428,50,21,0.2517373263835907,4,-1,-1
164,-1,811,539,214,105,0.9187571406364441,9,-1,-1
164,-1,1349,1008,189,134,0.9117864966392517,5,-1,-1
164,-1,1636,1048,183,102,0.8911008834838867,4,-1,-1
164,-1,2040,928,135,59,0.8549340963363647,4,-1,-1
164,-1,363,605,78,36,0.26233622431755066,5,-1,-1
95,-1,100,468,109,63,0.8514801859855652,6,-1,-1
95,-1,1604,479,111,64,0.834169864654541,9,-1,-1
95,-1,2177,482,177,67,0.7565090656280518,6,-1,-1
95,-1,1919,508,116,42,0.6213715672492981,6,-1,-1
95,-1,144,651,73,36,0.5437672138214111,4,-1,-1
112,-1,1485,487,128,73,0.8897854685783386,9,-1,-1
112,-1,84,466,110,65,0.8732673525810242,6,-1,-1
138,-1,1168,506,155,86,0.919674813747406,9,-1,-1
138,-1,1659,1010,164,75,0.8811901807785034,4,-1,-1
138,-1,0,471,63,66,0.8611461520195007,6,-1,-1
138,-1,426,600,68,32,0.5330601930618286,4,-1,-1
138,-1,210,492,74,29,0.3396802246570587,6,-1,-1
248,-1,1680,857,151,67,0.8784844875335693,4,-1,-1
248,-1,1765,775,127,49,0.8552109599113464,4,-1,-1
248,-1,2196,861,157,59,0.8480069637298584,4,-1,-1
5,-1,314,660,259,110,0.8759698867797852,6,-1,-1
5,-1,1336,496,254,102,0.865736186504364,6,-1,-1
5,-1,0,456,61,66,0.7533305883407593,6,-1,-1
5,-1,1200,337,49,21,0.3128138780593872,9,-1,-1
5,-1,1568,435,71,41,0.3061082065105438,9,-1,-1
34,-1,328,447,97,59,0.8903136253356934,6,-1,-1
34,-1,1706,966,160,78,0.882225751876831,4,-1,-1
34,-1,86,416,81,40,0.8401708602905273,6,-1,-1
34,-1,1339,804,96,46,0.8101174235343933,4,-1,-1
34,-1,60,496,40,20,0.8036284446716309,4,-1,-1
34,-1,96,535,50,27,0.7717786431312561,4,-1,-1
34,-1,183,540,47,24,0.7716217637062073,4,-1,-1
34,-1,753,563,57,27,0.5277667045593262,4,-1,-1
34,-1,1368,557,141,68,0.49276161193847656,6,-1,-1
99,-1,96,467,109,64,0.8648933172225952,6,-1,-1
99,-1,1579,481,117,66,0.8377518653869629,9,-1,-1
99,-1,2197,479,181,71,0.8254023790359497,6,-1,-1
99,-1,1923,502,138,46,0.6778400540351868,6,-1,-1
99,-1,823,445,56,21,0.28182417154312134,4,-1,-1
257,-1,1970,842,146,59,0.8122319579124451,4,-1,-1
257,-1,1409,813,127,62,0.6378711462020874,4,-1,-1
257,-1,1585,755,117,45,0.5473726391792297,4,-1,-1
257,-1,1515,823,24,52,0.38222116231918335,1,-1,-1
23,-1,39,453,108,63,0.8740350008010864,6,-1,-1
23,-1,1590,479,209,85,0.7449992299079895,6,-1,-1
23,-1,1209,886,132,66,0.7163271903991699,4,-1,-1
23,-1,912,580,176,83,0.6454010605812073,6,-1,-1
23,-1,1266,337,49,21,0.3112011253833771,9,-1,-1
16,-1,659,609,206,90,0.8526853919029236,6,-1,-1
16,-1,1456,481,218,93,0.8504915833473206,6,-1,-1
16,-1,0,455,54,66,0.7357977628707886,6,-1,-1
16,-1,1594,435,62,50,0.6244176626205444,9,-1,-1
16,-1,1196,337,51,21,0.34831321239471436,9,-1,-1
16,-1,2508,506,64,28,0.25697845220565796,5,-1,-1
19,-1,748,596,190,86,0.9031700491905212,6,-1,-1
19,-1,1485,478,218,107,0.8273636102676392,6,-1,-1
19,-1,0,458,60,62,0.8187243342399597,6,-1,-1
19,-1,1199,337,50,21,0.3569679260253906,9,-1,-1
19,-1,1606,437,59,49,0.3374845087528229,6,-1,-1
137,-1,1183,507,156,84,0.9188260436058044,9,-1,-1
137,-1,1628,1002,161,75,0.8736300468444824,4,-1,-1
137,-1,0,471,72,66,0.872197151184082,6,-1,-1
137,-1,436,601,65,32,0.4277487099170685,4,-1,-1
137,-1,2099,487,75,33,0.3650980293750763,6,-1,-1
61,-1,2149,989,178,82,0.8867088556289673,4,-1,-1
61,-1,319,449,99,59,0.8734642267227173,6,-1,-1
61,-1,78,419,83,42,0.8109375238418579,6,-1,-1
61,-1,105,538,58,46,0.7674950361251831,5,-1,-1
61,-1,1763,514,108,54,0.7154585123062134,6,-1,-1
61,-1,415,551,53,31,0.6891859173774719,5,-1,-1
61,-1,304,593,64,35,0.634352445602417,4,-1,-1
61,-1,1886,454,66,58,0.6328228116035461,9,-1,-1
61,-1,2108,471,170,71,0.2736085057258606,6,-1,-1
96,-1,1601,478,110,66,0.869019091129303,9,-1,-1
96,-1,2182,480,180,67,0.8609092831611633,6,-1,-1
96,-1,99,467,108,64,0.8525173664093018,6,-1,-1
96,-1,1933,507,110,41,0.6143253445625305,6,-1,-1
96,-1,554,593,64,32,0.610511064529419,5,-1,-1
96,-1,152,655,73,34,0.435621052980423,5,-1,-1
156,-1,909,526,196,96,0.9024677276611328,9,-1,-1
156,-1,1359,984,159,90,0.8972978591918945,4,-1,-1
156,-1,2448,1185,231,106,0.8922612071037292,4,-1,-1
156,-1,1073,943,169,123,0.8868900537490845,5,-1,-1
156,-1,2300,968,150,58,0.8642735481262207,4,-1,-1
24,-1,68,452,107,61,0.875197172164917,6,-1,-1
24,-1,1251,891,135,68,0.8577573895454407,4,-1,-1
24,-1,1623,479,204,83,0.6995992660522461,6,-1,-1
24,-1,959,579,170,78,0.6589471101760864,6,-1,-1
24,-1,959,579,170,78,0.4599120020866394,7,-1,-1
24,-1,514,463,69,25,0.3144040107727051,4,-1,-1
24,-1,1703,440,57,44,0.28658202290534973,9,-1,-1
159,-1,1169,967,176,126,0.915115237236023,5,-1,-1
159,-1,876,530,200,101,0.9121789336204529,9,-1,-1
159,-1,1456,1005,165,94,0.8864040374755859,4,-1,-1
159,-1,2197,952,146,58,0.8517382144927979,4,-1,-1
159,-1,372,605,68,34,0.6366382241249084,4,-1,-1
159,-1,2631,1220,88,106,0.45991888642311096,4,-1,-1
159,-1,2631,1220,89,112,0.36581942439079285,6,-1,-1
33,-1,1659,956,158,77,0.8914908766746521,4,-1,-1
33,-1,305,448,98,58,0.8658744096755981,6,-1,-1
33,-1,60,416,83,39,0.8261669278144836,6,-1,-1
33,-1,149,538,51,25,0.8144360184669495,4,-1,-1
33,-1,40,496,42,21,0.7934984564781189,4,-1,-1
33,-1,1325,557,147,73,0.7206428647041321,6,-1,-1
33,-1,61,534,51,29,0.7201711535453796,4,-1,-1
33,-1,1303,800,92,46,0.2703600823879242,4,-1,-1
33,-1,1883,479,205,86,0.25141555070877075,6,-1,-1
173,-1,679,556,231,114,0.9171351790428162,9,-1,-1
173,-1,2022,1125,210,118,0.8968403339385986,4,-1,-1
173,-1,1728,1091,219,153,0.8932041525840759,5,-1,-1
173,-1,1769,885,124,51,0.8378105163574219,4,-1,-1
173,-1,361,609,68,32,0.4562574028968811,4,-1,-1
233,-1,1987,1132,212,109,0.9049379229545593,4,-1,-1
233,-1,2451,1185,268,123,0.8955754637718201,4,-1,-1
233,-1,2235,961,187,79,0.8733571171760559,4,-1,-1
233,-1,2123,832,148,55,0.8667685985565186,4,-1,-1
233,-1,2625,919,95,61,0.6556034684181213,4,-1,-1
233,-1,351,550,70,33,0.3848477900028229,4,-1,-1
145,-1,1048,511,172,89,0.9134796857833862,9,-1,-1
145,-1,1902,1065,184,89,0.8826589584350586,4,-1,-1
145,-1,376,601,66,32,0.5721490383148193,5,-1,-1
145,-1,1141,950,60,41,0.45007210969924927,10,-1,-1
10,-1,485,632,225,103,0.8916381001472473,6,-1,-1
10,-1,1397,489,232,99,0.8814864754676819,6,-1,-1
10,-1,0,456,58,65,0.7599544525146484,6,-1,-1
10,-1,1583,435,68,28,0.5496063828468323,9,-1,-1
141,-1,1118,510,162,86,0.9095620512962341,9,-1,-1
141,-1,1759,1033,173,82,0.8797371983528137,4,-1,-1
141,-1,0,473,36,65,0.6733834147453308,6,-1,-1
141,-1,405,601,64,32,0.35402536392211914,5,-1,-1
254,-1,1643,760,120,43,0.861405611038208,4,-1,-1
254,-1,1494,825,137,63,0.842957079410553,4,-1,-1
254,-1,2045,846,145,60,0.6827970743179321,4,-1,-1
176,-1,636,559,238,119,0.9119481444358826,9,-1,-1
176,-1,1875,1118,231,160,0.9097601175308228,5,-1,-1
176,-1,2170,1151,223,125,0.8974604606628418,4,-1,-1
176,-1,1689,868,119,51,0.8613683581352234,4,-1,-1
176,-1,364,609,72,30,0.59377121925354,4,-1,-1
176,-1,416,464,108,40,0.36363694071769714,6,-1,-1
184,-1,477,529,275,132,0.9151143431663513,9,-1,-1
184,-1,2550,890,169,133,0.8832808136940002,6,-1,-1
184,-1,2601,1195,118,151,0.7881468534469604,4,-1,-1
184,-1,2287,1156,272,194,0.6933249831199646,5,-1,-1
184,-1,361,562,73,34,0.6212732791900635,4,-1,-1
184,-1,1480,788,106,47,0.6140798926353455,7,-1,-1
184,-1,2288,1155,271,194,0.42709845304489136,6,-1,-1
117,-1,81,466,108,64,0.8779245615005493,6,-1,-1
117,-1,1446,490,132,74,0.8662355542182922,9,-1,-1
28,-1,1429,915,142,72,0.9072976112365723,4,-1,-1
28,-1,174,450,105,59,0.8659176230430603,6,-1,-1
28,-1,1739,476,203,92,0.8226518630981445,6,-1,-1
28,-1,1134,570,152,71,0.7945791482925415,6,-1,-1
28,-1,1369,337,50,24,0.43788689374923706,9,-1,-1
208,-1,1901,796,199,101,0.893962025642395,6,-1,-1
208,-1,1273,923,159,77,0.8927154541015625,4,-1,-1
208,-1,1005,903,140,74,0.8900570869445801,4,-1,-1
208,-1,0,590,206,181,0.8857129812240601,9,-1,-1
208,-1,356,550,69,33,0.634713351726532,4,-1,-1
26,-1,1339,903,137,71,0.8793091773986816,4,-1,-1
26,-1,119,452,107,60,0.8744522929191589,6,-1,-1
26,-1,1680,478,203,83,0.7905160784721375,6,-1,-1
26,-1,1050,574,159,76,0.750835120677948,6,-1,-1
26,-1,575,566,61,27,0.49324890971183777,4,-1,-1
26,-1,1750,440,58,43,0.2601204812526703,6,-1,-1
178,-1,1975,1136,240,165,0.9072215557098389,5,-1,-1
178,-1,600,561,245,123,0.9055567979812622,9,-1,-1
178,-1,2272,1171,232,130,0.8940842747688293,4,-1,-1
178,-1,1635,857,113,51,0.7550500631332397,7,-1,-1
178,-1,364,608,72,36,0.6465465426445007,4,-1,-1
101,-1,95,467,108,65,0.8720570206642151,6,-1,-1
101,-1,1566,481,118,67,0.8443803191184998,9,-1,-1
101,-1,2209,478,179,76,0.8308621644973755,6,-1,-1
101,-1,1920,496,154,50,0.35671448707580566,6,-1,-1
110,-1,86,466,110,66,0.8754751086235046,6,-1,-1
110,-1,1502,485,122,73,0.8526997566223145,9,-1,-1
110,-1,1915,491,215,51,0.46893784403800964,6,-1,-1
110,-1,940,453,80,34,0.3973741829395294,9,-1,-1
168,-1,761,545,216,108,0.9171303510665894,9,-1,-1
168,-1,1506,1044,203,143,0.9114011526107788,5,-1,-1
168,-1,1799,1083,193,108,0.8980064988136292,4,-1,-1
168,-1,1918,910,130,54,0.8461768627166748,4,-1,-1
37,-1,1801,988,167,82,0.8863299489021301,4,-1,-1
37,-1,334,447,98,58,0.858959972858429,6,-1,-1
37,-1,1399,813,115,56,0.8574492931365967,4,-1,-1
37,-1,94,416,81,39,0.8255438804626465,6,-1,-1
37,-1,51,490,39,22,0.7703385949134827,4,-1,-1
37,-1,124,540,52,29,0.7152064442634583,4,-1,-1
37,-1,1430,550,129,67,0.3951006531715393,6,-1,-1
37,-1,1429,550,129,68,0.29366612434387207,7,-1,-1
231,-1,2327,1160,255,117,0.9048437476158142,4,-1,-1
231,-1,1887,1108,200,107,0.8968771696090698,4,-1,-1
231,-1,2321,978,190,80,0.8796665072441101,4,-1,-1
231,-1,2177,840,149,56,0.8535067439079285,4,-1,-1
231,-1,2687,926,33,62,0.49324604868888855,4,-1,-1
231,-1,349,549,72,33,0.38164278864860535,4,-1,-1
113,-1,1479,488,126,72,0.8837559819221497,9,-1,-1
113,-1,83,467,109,64,0.8821107745170593,6,-1,-1
39,-1,1455,548,137,65,0.8971266746520996,6,-1,-1
39,-1,1447,826,121,56,0.8912989497184753,4,-1,-1
39,-1,1864,1006,172,84,0.8891343474388123,4,-1,-1
39,-1,332,448,99,57,0.8635144233703613,6,-1,-1
39,-1,91,417,81,39,0.8367670178413391,6,-1,-1
39,-1,1966,478,188,77,0.6227020025253296,6,-1,-1
39,-1,37,488,40,22,0.2780058681964874,4,-1,-1
224,-1,1939,1076,221,101,0.8985085487365723,4,-1,-1
224,-1,1564,1033,176,94,0.8969560265541077,4,-1,-1
224,-1,1531,745,175,97,0.8829315304756165,6,-1,-1
224,-1,2373,865,158,58,0.8579224348068237,4,-1,-1
224,-1,2645,1043,74,84,0.763295590877533,4,-1,-1
224,-1,351,550,70,32,0.5063215494155884,4,-1,-1
42,-1,1963,1029,181,91,0.8907226920127869,4,-1,-1
42,-1,333,447,96,59,0.8778164386749268,6,-1,-1
42,-1,1524,843,127,61,0.867055356502533,4,-1,-1
42,-1,1986,475,188,75,0.8448991179466248,6,-1,-1
42,-1,91,417,80,39,0.8262202143669128,6,-1,-1
42,-1,1505,540,129,64,0.7969957590103149,6,-1,-1
42,-1,250,555,52,27,0.7581949830055237,4,-1,-1
42,-1,163,550,52,32,0.7503796815872192,4,-1,-1
42,-1,0,502,34,36,0.7363716959953308,5,-1,-1
42,-1,755,564,55,26,0.28204697370529175,4,-1,-1
238,-1,2273,1196,238,122,0.9002230763435364,4,-1,-1
238,-1,2036,922,170,78,0.877275288105011,4,-1,-1
238,-1,1995,813,140,55,0.861705482006073,4,-1,-1
238,-1,2474,900,167,67,0.8277252316474915,4,-1,-1
238,-1,350,551,69,32,0.3792382776737213,4,-1,-1
78,-1,299,449,100,58,0.8752229809761047,6,-1,-1
78,-1,56,416,82,41,0.8515226244926453,6,-1,-1
78,-1,2215,471,178,68,0.8438855409622192,6,-1,-1
78,-1,1824,459,91,60,0.8109748363494873,9,-1,-1
78,-1,1950,501,81,50,0.726288378238678,7,-1,-1
78,-1,202,575,67,49,0.6085513830184937,4,-1,-1
78,-1,227,520,51,30,0.5051241517066956,4,-1,-1
78,-1,724,566,59,28,0.36375701427459717,5,-1,-1
78,-1,724,566,59,29,0.32918909192085266,4,-1,-1
119,-1,1417,492,133,74,0.8915172219276428,9,-1,-1
119,-1,64,466,108,64,0.8696534037590027,6,-1,-1
119,-1,2107,494,60,39,0.5525920391082764,6,-1,-1
195,-1,217,544,323,151,0.9202818274497986,9,-1,-1
195,-1,2234,841,223,115,0.904811441898346,6,-1,-1
57,-1,1996,954,164,77,0.8793460726737976,4,-1,-1
57,-1,323,449,97,59,0.8662136793136597,6,-1,-1
57,-1,77,530,59,44,0.8452399969100952,5,-1,-1
57,-1,82,419,81,42,0.8315573930740356,6,-1,-1
57,-1,1713,518,114,56,0.7989064455032349,6,-1,-1
57,-1,2578,1186,141,124,0.7856097221374512,4,-1,-1
57,-1,2070,473,191,73,0.7783466577529907,6,-1,-1
57,-1,1895,452,65,60,0.7196003794670105,9,-1,-1
57,-1,275,584,59,32,0.6446132063865662,4,-1,-1
57,-1,382,588,53,31,0.6361063718795776,4,-1,-1
57,-1,749,568,60,25,0.5374786257743835,4,-1,-1
57,-1,457,559,56,31,0.47641026973724365,5,-1,-1
57,-1,456,559,57,31,0.3206276595592499,4,-1,-1
57,-1,284,443,54,39,0.25124436616897583,6,-1,-1
65,-1,320,445,97,60,0.8966896533966064,6,-1,-1
65,-1,2315,1021,196,88,0.8899860382080078,4,-1,-1
65,-1,2133,466,170,64,0.8456292152404785,6,-1,-1
65,-1,132,542,60,46,0.6162800192832947,5,-1,-1
65,-1,75,414,81,40,0.6137654781341553,6,-1,-1
65,-1,1809,502,93,54,0.5491719841957092,6,-1,-1
65,-1,1871,450,74,57,0.5220415592193604,6,-1,-1
65,-1,372,539,52,29,0.4519209861755371,4,-1,-1
65,-1,1809,503,94,53,0.4213648736476898,7,-1,-1
94,-1,1611,477,108,66,0.8699618577957153,9,-1,-1
94,-1,101,466,108,64,0.8534026145935059,6,-1,-1
94,-1,2170,480,176,66,0.8191804885864258,6,-1,-1
94,-1,136,649,75,49,0.7443882822990417,5,-1,-1
94,-1,556,592,65,33,0.5991191864013672,5,-1,-1
94,-1,1924,508,103,41,0.4705239236354828,6,-1,-1
48,-1,2183,1087,203,99,0.9030721187591553,4,-1,-1
48,-1,1693,885,143,66,0.8936120271682739,4,-1,-1
48,-1,324,449,102,59,0.8748918175697327,6,-1,-1
48,-1,19,512,53,41,0.8559859395027161,5,-1,-1
48,-1,206,563,56,33,0.8295618891716003,4,-1,-1
48,-1,1592,530,124,59,0.8208150267601013,6,-1,-1
48,-1,300,567,50,29,0.8128443956375122,4,-1,-1
48,-1,2031,471,178,75,0.812633216381073,6,-1,-1
48,-1,85,417,80,42,0.7344871759414673,6,-1,-1
48,-1,561,576,61,33,0.5158297419548035,5,-1,-1
48,-1,265,445,46,20,0.35533806681632996,4,-1,-1
215,-1,1226,954,153,80,0.8905348777770996,4,-1,-1
215,-1,1533,984,182,85,0.8905229568481445,4,-1,-1
215,-1,1732,771,191,100,0.8819347620010376,6,-1,-1
215,-1,2634,894,85,60,0.6937795877456665,4,-1,-1
75,-1,305,448,99,59,0.8613515496253967,6,-1,-1
75,-1,2196,472,172,65,0.8522235155105591,6,-1,-1
75,-1,59,417,83,39,0.8429282903671265,6,-1,-1
75,-1,1919,498,85,55,0.7078170776367188,7,-1,-1
75,-1,187,567,65,50,0.7032346725463867,4,-1,-1
75,-1,263,525,48,29,0.6185718774795532,4,-1,-1
75,-1,1829,457,93,59,0.5645861625671387,9,-1,-1
182,-1,521,544,264,129,0.9169281721115112,9,-1,-1
182,-1,2485,1193,234,139,0.8894619345664978,4,-1,-1
182,-1,2180,1153,259,182,0.8540672063827515,5,-1,-1
182,-1,2609,914,110,131,0.8115679621696472,6,-1,-1
182,-1,1527,814,112,53,0.708261251449585,7,-1,-1
11,-1,517,626,222,103,0.8830533027648926,6,-1,-1
11,-1,1404,486,235,103,0.8772717714309692,6,-1,-1
11,-1,1583,436,69,41,0.7923880219459534,9,-1,-1
11,-1,0,456,57,65,0.7595587372779846,6,-1,-1
207,-1,1922,801,205,99,0.8976632952690125,6,-1,-1
207,-1,0,586,236,179,0.8967646956443787,9,-1,-1
207,-1,979,897,136,73,0.8669727444648743,4,-1,-1
207,-1,1236,914,162,77,0.8265891671180725,4,-1,-1
207,-1,356,550,72,33,0.6349304914474487,4,-1,-1
207,-1,637,392,62,23,0.28671151399612427,4,-1,-1
265,-1,100,563,63,28,0.7093824148178101,4,-1,-1
265,-1,1775,818,138,54,0.6067020893096924,4,-1,-1
218,-1,1658,1012,196,90,0.8953989744186401,4,-1,-1
218,-1,1661,761,188,103,0.8912215828895569,6,-1,-1
218,-1,1331,976,158,87,0.8908772468566895,4,-1,-1
218,-1,2544,890,171,59,0.8760823607444763,4,-1,-1
228,-1,2153,1122,238,108,0.9151937961578369,4,-1,-1
228,-1,2456,1002,204,85,0.8943415284156799,4,-1,-1
228,-1,1741,1075,190,101,0.8936365246772766,4,-1,-1
228,-1,2259,852,154,55,0.8774988055229187,4,-1,-1
228,-1,1446,733,171,94,0.7337209582328796,6,-1,-1
228,-1,351,550,71,33,0.3559344708919525,4,-1,-1
247,-1,1715,860,152,72,0.8725777268409729,4,-1,-1
247,-1,1786,779,130,48,0.8627166152000427,4,-1,-1
247,-1,2224,864,156,60,0.7262164950370789,4,-1,-1
135,-1,1207,505,152,83,0.9124496579170227,9,-1,-1
135,-1,1558,984,155,75,0.8912857174873352,4,-1,-1
135,-1,0,469,76,68,0.871785044670105,6,-1,-1
135,-1,440,601,65,31,0.5405411124229431,4,-1,-1
135,-1,2114,485,56,35,0.4042122960090637,6,-1,-1
154,-1,934,523,193,96,0.8989714980125427,9,-1,-1
154,-1,1299,970,152,88,0.8984192609786987,4,-1,-1
154,-1,2338,1163,218,100,0.8881313800811768,4,-1,-1
154,-1,2372,976,150,59,0.8632655739784241,4,-1,-1
154,-1,1013,930,163,117,0.8564192056655884,5,-1,-1
154,-1,2081,468,81,37,0.3179277777671814,6,-1,-1
131,-1,1247,505,144,79,0.9034216403961182,9,-1,-1
131,-1,0,469,79,69,0.8717858195304871,6,-1,-1
131,-1,1423,956,145,69,0.8653708100318909,4,-1,-1
131,-1,2099,490,58,35,0.335035502910614,6,-1,-1
147,-1,1020,514,176,90,0.9073121547698975,9,-1,-1
147,-1,1988,1084,191,91,0.8867411017417908,4,-1,-1
147,-1,2633,1009,87,58,0.8200660347938538,4,-1,-1
147,-1,372,601,66,33,0.5302345752716064,5,-1,-1
260,-1,1897,835,144,58,0.7702890038490295,4,-1,-1
260,-1,1323,806,129,60,0.7573870420455933,4,-1,-1
260,-1,1527,750,116,43,0.7465607523918152,4,-1,-1
125,-1,0,468,83,66,0.8547502756118774,6,-1,-1
125,-1,1301,497,140,76,0.8501241207122803,9,-1,-1
130,-1,1255,504,144,80,0.9049472808837891,9,-1,-1
130,-1,0,469,79,69,0.8696073293685913,6,-1,-1
130,-1,1389,947,143,69,0.8013817667961121,4,-1,-1
130,-1,2094,494,51,31,0.3155670464038849,6,-1,-1
130,-1,440,601,65,29,0.2700498700141907,4,-1,-1
175,-1,651,557,238,119,0.9081147313117981,9,-1,-1
175,-1,1826,1109,225,158,0.9072072505950928,5,-1,-1
175,-1,2121,1144,221,121,0.8986431360244751,4,-1,-1
175,-1,1715,873,121,51,0.8527941703796387,4,-1,-1
175,-1,363,609,71,36,0.36557453870773315,4,-1,-1
203,-1,1,568,350,169,0.9261782169342041,9,-1,-1
203,-1,2021,813,212,116,0.9035089612007141,6,-1,-1
203,-1,359,549,71,33,0.4039144217967987,5,-1,-1
45,-1,2070,1057,190,94,0.8902521133422852,4,-1,-1
45,-1,330,449,97,58,0.8849572539329529,6,-1,-1
45,-1,2009,474,181,76,0.8681023716926575,6,-1,-1
45,-1,1605,863,136,64,0.8636316657066345,4,-1,-1
45,-1,184,558,56,32,0.7716637253761292,4,-1,-1
45,-1,88,417,79,40,0.7495391964912415,6,-1,-1
45,-1,272,562,55,28,0.6958513855934143,4,-1,-1
45,-1,1546,531,130,66,0.6489579081535339,6,-1,-1
45,-1,1,508,52,37,0.5704701542854309,5,-1,-1
45,-1,0,482,41,31,0.27341899275779724,4,-1,-1
259,-1,1920,839,146,56,0.829384982585907,4,-1,-1
259,-1,1546,753,115,43,0.6719712615013123,4,-1,-1
259,-1,1349,810,135,62,0.6266455054283142,4,-1,-1
259,-1,341,554,64,32,0.41073963046073914,5,-1,-1
1,-1,1292,502,264,103,0.8875100016593933,6,-1,-1
1,-1,152,685,289,115,0.8794621229171753,6,-1,-1
1,-1,0,455,64,66,0.8041617274284363,6,-1,-1
1,-1,2301,1062,419,382,0.6163914203643799,6,-1,-1
1,-1,1554,436,76,40,0.513820469379425,9,-1,-1
133,-1,1227,505,150,81,0.8934934735298157,9,-1,-1
133,-1,1488,970,150,73,0.8786512017250061,4,-1,-1
133,-1,0,469,77,68,0.8742544651031494,6,-1,-1
133,-1,440,601,66,32,0.4606689214706421,4,-1,-1
133,-1,440,601,66,32,0.4009385406970978,5,-1,-1
214,-1,1494,974,178,84,0.8960585594177246,4,-1,-1
214,-1,1752,776,195,96,0.8931658864021301,6,-1,-1
214,-1,1193,945,152,81,0.8925619721412659,4,-1,-1
214,-1,2663,909,56,46,0.37207308411598206,4,-1,-1
22,-1,12,451,110,65,0.8755035400390625,6,-1,-1
22,-1,868,584,186,85,0.8487431406974792,6,-1,-1
22,-1,1561,476,208,98,0.8120326399803162,6,-1,-1
226,-1,1649,1053,184,98,0.9028018116950989,4,-1,-1
226,-1,2044,1097,228,106,0.8994715809822083,4,-1,-1
226,-1,2315,859,156,57,0.8763322234153748,4,-1,-1
226,-1,2550,1021,169,88,0.875291109085083,4,-1,-1
226,-1,1490,740,171,95,0.8606498837471008,6,-1,-1
226,-1,352,550,69,32,0.43658778071403503,4,-1,-1
50,-1,2262,1108,213,102,0.8976012468338013,4,-1,-1
50,-1,1618,527,122,61,0.8955631852149963,6,-1,-1
50,-1,1755,899,147,71,0.8783190846443176,4,-1,-1
50,-1,327,448,98,60,0.87786465883255,6,-1,-1
50,-1,222,570,56,31,0.8411775827407837,4,-1,-1
50,-1,32,517,54,41,0.8359628319740295,5,-1,-1
50,-1,83,419,84,42,0.8334729075431824,6,-1,-1
50,-1,2042,472,178,80,0.8328108191490173,6,-1,-1
50,-1,317,574,53,28,0.7783319354057312,4,-1,-1
50,-1,1911,452,57,52,0.7427740693092346,9,-1,-1
50,-1,538,573,57,32,0.5368483662605286,5,-1,-1
139,-1,1150,508,160,86,0.9179094433784485,9,-1,-1
139,-1,1693,1018,166,79,0.8818420171737671,4,-1,-1
139,-1,0,473,55,64,0.8519555330276489,6,-1,-1
139,-1,418,601,69,30,0.7199929356575012,4,-1,-1
74,-1,2191,472,172,63,0.8750895857810974,6,-1,-1
74,-1,307,449,98,58,0.8588573932647705,6,-1,-1
74,-1,63,416,83,39,0.8343815803527832,6,-1,-1
74,-1,1910,499,82,56,0.7507644295692444,7,-1,-1
74,-1,1833,456,90,59,0.7408285737037659,6,-1,-1
74,-1,274,525,49,31,0.5945894122123718,4,-1,-1
74,-1,182,564,65,49,0.5885536670684814,4,-1,-1
128,-1,1273,500,143,79,0.9121123552322388,9,-1,-1
128,-1,0,468,81,69,0.8727102875709534,6,-1,-1
128,-1,1328,929,138,69,0.5673884749412537,6,-1,-1
128,-1,440,600,67,30,0.4307776987552643,5,-1,-1
68,-1,2458,1057,207,93,0.8949048519134521,4,-1,-1
68,-1,314,445,101,59,0.8746190071105957,6,-1,-1
68,-1,2148,467,176,69,0.8656075596809387,6,-1,-1
68,-1,1846,451,91,104,0.8239791393280029,6,-1,-1
68,-1,339,534,52,31,0.552709698677063,4,-1,-1
68,-1,151,548,61,47,0.5506467819213867,5,-1,-1
68,-1,73,417,83,37,0.4904429614543915,6,-1,-1
234,-1,2041,1145,217,111,0.8953742980957031,4,-1,-1
234,-1,2194,954,182,78,0.8840747475624084,4,-1,-1
234,-1,2516,1202,204,124,0.8730496168136597,4,-1,-1
234,-1,2098,828,145,54,0.8685328364372253,4,-1,-1
234,-1,2592,916,127,59,0.8071273565292358,4,-1,-1
234,-1,352,550,70,32,0.4355427920818329,4,-1,-1
124,-1,1311,495,138,76,0.8903700709342957,9,-1,-1
124,-1,0,467,85,68,0.8539750576019287,6,-1,-1
126,-1,1294,498,139,77,0.8842411041259766,9,-1,-1
126,-1,0,468,82,67,0.8673253655433655,6,-1,-1
126,-1,1267,912,136,67,0.5526401400566101,6,-1,-1
262,-1,1849,826,142,61,0.5750758647918701,4,-1,-1
47,-1,2143,1076,200,98,0.889546811580658,4,-1,-1
47,-1,325,449,101,59,0.8873586654663086,6,-1,-1
47,-1,1665,878,138,64,0.8746159076690674,4,-1,-1
47,-1,2021,472,183,79,0.8674801588058472,6,-1,-1
47,-1,1575,531,129,60,0.8352462649345398,6,-1,-1
47,-1,290,569,54,24,0.7854551672935486,4,-1,-1
47,-1,88,417,79,41,0.7768316268920898,6,-1,-1
47,-1,13,511,52,39,0.7689235210418701,5,-1,-1
47,-1,197,562,58,32,0.7408981919288635,4,-1,-1
47,-1,1917,450,53,52,0.28682389855384827,9,-1,-1
18,-1,716,600,199,85,0.8662489056587219,6,-1,-1
18,-1,0,457,54,63,0.7907577157020569,6,-1,-1
18,-1,1472,481,218,90,0.7899539470672607,6,-1,-1
160,-1,869,531,197,102,0.9228527545928955,9,-1,-1
160,-1,1204,975,178,127,0.8951127529144287,5,-1,-1
160,-1,1491,1013,170,97,0.8883240818977356,4,-1,-1
160,-1,2168,946,140,59,0.8237552642822266,4,-1,-1
160,-1,370,605,69,33,0.533961832523346,4,-1,-1
177,-1,610,560,252,121,0.9102621078491211,9,-1,-1
177,-1,1924,1127,235,163,0.9098881483078003,5,-1,-1
177,-1,2221,1162,228,124,0.8984054923057556,4,-1,-1
177,-1,1660,864,118,49,0.8645496964454651,4,-1,-1
177,-1,365,608,70,34,0.6033574938774109,4,-1,-1
123,-1,1323,495,136,76,0.8918755054473877,9,-1,-1
123,-1,0,466,87,68,0.832654595375061,6,-1,-1
29,-1,1472,922,144,74,0.8916014432907104,4,-1,-1
29,-1,1770,477,202,92,0.873634397983551,6,-1,-1
29,-1,199,447,106,61,0.866231381893158,6,-1,-1
29,-1,1171,568,152,73,0.7487061023712158,6,-1,-1
29,-1,0,420,31,42,0.6731681227684021,6,-1,-1
194,-1,2260,845,229,116,0.9184257984161377,6,-1,-1
194,-1,235,543,329,146,0.9166286587715149,9,-1,-1
194,-1,644,393,59,22,0.2544952929019928,4,-1,-1
44,-1,1580,857,129,62,0.8974451422691345,4,-1,-1
44,-1,2034,1047,186,92,0.8898199796676636,4,-1,-1
44,-1,330,448,97,59,0.8801397085189819,6,-1,-1
44,-1,1536,536,125,65,0.8171802759170532,6,-1,-1
44,-1,88,417,79,40,0.8147477507591248,6,-1,-1
44,-1,264,559,53,28,0.7867521643638611,4,-1,-1
44,-1,2000,473,186,81,0.710064172744751,6,-1,-1
44,-1,0,507,47,35,0.6927262544631958,5,-1,-1
44,-1,177,555,58,32,0.6345676183700562,4,-1,-1
44,-1,1019,428,48,21,0.31417956948280334,4,-1,-1
44,-1,1921,456,52,44,0.3017514944076538,9,-1,-1
217,-1,1616,1002,189,88,0.9002246260643005,4,-1,-1
217,-1,1295,968,155,84,0.8982008099555969,4,-1,-1
217,-1,1685,766,188,99,0.8895576596260071,6,-1,-1
217,-1,2574,892,146,62,0.862697184085846,4,-1,-1
197,-1,159,552,339,152,0.9155603051185608,9,-1,-1
197,-1,2180,836,222,109,0.9016410708427429,6,-1,-1
197,-1,644,392,60,22,0.2605099380016327,4,-1,-1
52,-1,2348,1128,221,107,0.8920487761497498,4,-1,-1
52,-1,1821,915,152,70,0.8882812261581421,4,-1,-1
52,-1,2056,470,176,73,0.8757571578025818,6,-1,-1
52,-1,324,448,100,60,0.8664347529411316,6,-1,-1
52,-1,45,521,55,41,0.8532445430755615,5,-1,-1
52,-1,1647,524,120,58,0.8440912365913391,6,-1,-1
52,-1,82,419,82,42,0.8313100337982178,6,-1,-1
52,-1,334,580,53,26,0.785465657711029,4,-1,-1
52,-1,236,573,59,33,0.7721720337867737,4,-1,-1
52,-1,1909,451,58,54,0.7322329878807068,9,-1,-1
239,-1,2336,1210,243,126,0.8950307965278625,4,-1,-1
239,-1,1999,915,168,76,0.8880606889724731,4,-1,-1
239,-1,1971,809,139,53,0.8472760319709778,4,-1,-1
239,-1,2445,897,166,55,0.546917736530304,4,-1,-1
239,-1,0,608,31,38,0.4466417729854584,4,-1,-1
239,-1,349,551,70,31,0.3023741841316223,4,-1,-1
239,-1,636,392,55,22,0.28727099299430847,4,-1,-1
86,-1,175,462,105,63,0.8637585639953613,6,-1,-1
86,-1,134,617,76,57,0.8025112152099609,5,-1,-1
86,-1,2176,483,177,63,0.7549442648887634,6,-1,-1
86,-1,28,525,49,29,0.7501794099807739,5,-1,-1
86,-1,1700,473,106,67,0.6949759125709534,9,-1,-1
86,-1,1934,510,78,43,0.41854652762413025,6,-1,-1
232,-1,2388,1174,263,117,0.9067314863204956,4,-1,-1
232,-1,1936,1120,208,108,0.8944453001022339,4,-1,-1
232,-1,2278,970,189,80,0.8742618560791016,4,-1,-1
232,-1,2152,835,149,56,0.8552886843681335,4,-1,-1
232,-1,2655,927,64,55,0.5345287919044495,4,-1,-1
232,-1,351,550,70,33,0.3667084276676178,4,-1,-1
38,-1,1834,996,168,84,0.8870419859886169,4,-1,-1
38,-1,1423,821,120,56,0.8829990029335022,4,-1,-1
38,-1,334,448,98,57,0.8563300371170044,6,-1,-1
38,-1,1441,549,134,67,0.8475642800331116,6,-1,-1
38,-1,93,417,80,38,0.8275026679039001,6,-1,-1
38,-1,43,490,42,22,0.6724094152450562,4,-1,-1
38,-1,133,542,52,30,0.5653116106987,4,-1,-1
38,-1,1935,450,44,47,0.478211373090744,9,-1,-1
38,-1,1943,481,201,84,0.41212669014930725,6,-1,-1
38,-1,298,436,47,20,0.26251083612442017,4,-1,-1
71,-1,2171,468,172,66,0.8688084483146667,6,-1,-1
71,-1,311,447,98,58,0.8649776577949524,6,-1,-1
71,-1,67,415,85,40,0.8423596024513245,6,-1,-1
71,-1,2616,1098,103,104,0.84112948179245,4,-1,-1
71,-1,168,555,62,49,0.6792996525764465,5,-1,-1
71,-1,309,530,48,29,0.6194263100624084,4,-1,-1
71,-1,1877,501,86,51,0.47416743636131287,7,-1,-1
71,-1,1850,454,81,58,0.30880749225616455,9,-1,-1
118,-1,1435,491,130,75,0.889778196811676,9,-1,-1
118,-1,77,465,106,65,0.8831004500389099,6,-1,-1
118,-1,2112,495,58,39,0.30923980474472046,6,-1,-1
51,-1,2304,1117,217,107,0.9045612812042236,4,-1,-1
51,-1,1786,907,152,69,0.879621684551239,4,-1,-1
51,-1,325,448,100,60,0.8666253685951233,6,-1,-1
51,-1,83,419,82,42,0.8329282402992249,6,-1,-1
51,-1,38,519,56,40,0.8103280067443848,5,-1,-1
51,-1,1635,525,119,58,0.8064647316932678,6,-1,-1
51,-1,2047,472,177,72,0.8015084266662598,6,-1,-1
51,-1,230,571,56,33,0.7816166281700134,4,-1,-1
51,-1,324,577,59,28,0.7617429494857788,4,-1,-1
51,-1,1911,451,58,53,0.4835395812988281,9,-1,-1
12,-1,1418,486,228,96,0.8767821788787842,6,-1,-1
12,-1,1584,435,68,44,0.8412829637527466,9,-1,-1
12,-1,0,456,57,65,0.7865946292877197,6,-1,-1
12,-1,545,622,221,99,0.7284898161888123,6,-1,-1
12,-1,1197,337,49,20,0.2567344307899475,9,-1,-1
245,-1,1832,786,132,51,0.8753211498260498,4,-1,-1
245,-1,1782,874,157,71,0.8690980076789856,4,-1,-1
245,-1,15,615,71,32,0.30417144298553467,4,-1,-1
88,-1,123,466,107,63,0.8804859519004822,6,-1,-1
88,-1,2148,481,167,69,0.8289685249328613,6,-1,-1
88,-1,1654,475,101,63,0.7501633167266846,9,-1,-1
88,-1,100,628,79,59,0.7419788241386414,5,-1,-1
88,-1,1914,507,77,45,0.5537324547767639,6,-1,-1
213,-1,1162,937,148,80,0.8968682885169983,4,-1,-1
213,-1,1776,780,195,99,0.8949272632598877,6,-1,-1
213,-1,1455,964,175,84,0.888844907283783,4,-1,-1
213,-1,0,614,43,143,0.30415773391723633,9,-1,-1
190,-1,334,531,309,141,0.9169968366622925,9,-1,-1
190,-1,2373,857,238,118,0.9021203517913818,6,-1,-1
158,-1,886,529,200,100,0.9091248512268066,9,-1,-1
158,-1,1137,958,173,124,0.9026275277137756,5,-1,-1
158,-1,1424,999,163,91,0.8876612186431885,4,-1,-1
158,-1,2232,957,147,59,0.8732879161834717,4,-1,-1
158,-1,2568,1213,152,114,0.8374518752098083,4,-1,-1
158,-1,372,605,65,35,0.43525633215904236,5,-1,-1
4,-1,1327,497,255,111,0.8781898021697998,6,-1,-1
4,-1,278,668,261,106,0.8661393523216248,6,-1,-1
4,-1,0,456,62,65,0.7982536554336548,6,-1,-1
87,-1,147,464,105,62,0.8653070330619812,6,-1,-1
87,-1,2158,479,169,72,0.8590415716171265,6,-1,-1
87,-1,114,623,77,57,0.6543613076210022,5,-1,-1
87,-1,1675,473,111,64,0.4980159103870392,9,-1,-1
87,-1,0,525,40,30,0.47081124782562256,4,-1,-1
87,-1,1675,473,114,65,0.3781071603298187,6,-1,-1
87,-1,0,524,40,31,0.33057165145874023,5,-1,-1
87,-1,1924,506,77,46,0.3062554597854614,6,-1,-1
90,-1,109,469,107,62,0.8681669235229492,6,-1,-1
90,-1,2149,483,167,66,0.8561381697654724,6,-1,-1
90,-1,1633,477,105,65,0.8282130360603333,9,-1,-1
90,-1,1913,505,86,47,0.7954195141792297,6,-1,-1
90,-1,95,636,88,58,0.7218854427337646,5,-1,-1
90,-1,563,590,61,32,0.3877849876880646,5,-1,-1
32,-1,1613,949,153,75,0.9012478590011597,4,-1,-1
32,-1,281,448,98,59,0.8695545792579651,6,-1,-1
32,-1,116,538,48,25,0.8162203431129456,4,-1,-1
32,-1,31,417,81,39,0.7961559295654297,6,-1,-1
32,-1,15,500,45,20,0.7668497562408447,4,-1,-1
32,-1,28,534,49,27,0.7130633592605591,4,-1,-1
32,-1,1291,561,144,67,0.6738912463188171,6,-1,-1
32,-1,1848,478,210,91,0.4790719449520111,6,-1,-1
32,-1,706,565,60,26,0.3170181214809418,4,-1,-1
167,-1,1465,1035,198,141,0.9092792272567749,5,-1,-1
167,-1,772,545,219,106,0.9074938297271729,9,-1,-1
167,-1,1757,1075,191,107,0.8933210372924805,4,-1,-1
167,-1,1949,915,131,57,0.8622550964355469,4,-1,-1
8,-1,420,646,239,102,0.8971432447433472,6,-1,-1
8,-1,1374,491,239,101,0.8787764310836792,6,-1,-1
8,-1,0,456,59,65,0.7973026037216187,6,-1,-1
8,-1,2563,1192,156,258,0.7463968396186829,6,-1,-1
8,-1,1577,436,69,34,0.657422661781311,9,-1,-1
8,-1,1199,337,50,22,0.3862207531929016,9,-1,-1
236,-1,2155,1168,224,118,0.9014536142349243,4,-1,-1
236,-1,2111,938,179,77,0.8774759769439697,4,-1,-1
236,-1,2047,822,141,52,0.8723620176315308,4,-1,-1
236,-1,2532,910,172,58,0.8157057762145996,4,-1,-1
236,-1,2652,1229,67,99,0.7725350260734558,4,-1,-1
236,-1,350,551,69,31,0.32995128631591797,4,-1,-1
166,-1,780,542,222,107,0.9269850254058838,9,-1,-1
166,-1,1425,1026,195,140,0.9089252948760986,5,-1,-1
166,-1,1717,1064,187,108,0.8945779800415039,4,-1,-1
166,-1,1978,919,133,57,0.8696630597114563,4,-1,-1
