237,-1,2214,1181,231,123,0.8515426516532898,4,-1,-1
237,-1,2021,813,140,55,0.8442748785018921,4,-1,-1
237,-1,2502,903,174,61,0.8023746013641357,4,-1,-1
237,-1,2074,928,175,80,0.7181838154792786,4,-1,-1
237,-1,350,549,74,35,0.2640067934989929,4,-1,-1
196,-1,190,548,330,152,0.8989403247833252,9,-1,-1
196,-1,2206,838,221,114,0.8770075440406799,6,-1,-1
60,-1,2107,977,177,82,0.8420994877815247,4,-1,-1
60,-1,77,415,83,46,0.7810072302818298,6,-1,-1
60,-1,312,445,107,64,0.7705627679824829,6,-1,-1
60,-1,98,537,60,43,0.7496427893638611,4,-1,-1
60,-1,1751,512,104,58,0.6885923147201538,6,-1,-1
60,-1,297,589,67,35,0.6835088133811951,4,-1,-1
60,-1,1331,436,78,24,0.3047960102558136,4,-1,-1
92,-1,105,464,110,66,0.7990251779556274,6,-1,-1
92,-1,1622,477,108,65,0.7962030172348022,6,-1,-1
92,-1,2156,476,171,66,0.5061854720115662,6,-1,-1
92,-1,1933,507,79,45,0.5001802444458008,6,-1,-1
180,-1,2072,1151,254,179,0.8961907625198364,6,-1,-1
180,-1,2378,1185,245,137,0.8471394777297974,4,-1,-1
180,-1,559,562,259,126,0.8361780047416687,9,-1,-1
180,-1,2674,940,46,104,0.599890410900116,6,-1,-1
180,-1,1546,485,71,30,0.42568424344062805,4,-1,-1
180,-1,1576,838,122,59,0.3468657433986664,6,-1,-1
20,-1,0,455,78,65,0.7600271105766296,6,-1,-1
20,-1,783,589,191,91,0.7149235606193542,6,-1,-1
20,-1,1504,474,217,102,0.6197443604469299,6,-1,-1
151,-1,971,519,187,94,0.8718322515487671,9,-1,-1
151,-1,2182,1127,206,98,0.8603132367134094,4,-1,-1
151,-1,2482,989,157,67,0.820139467716217,4,-1,-1
151,-1,922,914,164,107,0.7944159507751465,6,-1,-1
151,-1,1210,944,153,93,0.78496915102005,4,-1,-1
249,-1,1740,764,132,58,0.8434215188026428,4,-1,-1
249,-1,1647,849,155,72,0.8324195146560669,4,-1,-1
249,-1,2170,857,155,60,0.8241932988166809,4,-1,-1
17,-1,0,456,59,65,0.6094757914543152,6,-1,-1
17,-1,1449,473,230,117,0.4381483495235443,6,-1,-1
17,-1,738,604,151,87,0.32768312096595764,6,-1,-1
62,-1,2188,995,182,82,0.8532249927520752,4,-1,-1
62,-1,313,446,106,62,0.8232038021087646,6,-1,-1
62,-1,1775,510,101,56,0.7838888168334961,6,-1,-1
62,-1,76,415,79,45,0.7451514601707458,6,-1,-1
62,-1,303,591,75,36,0.5474318861961365,4,-1,-1
62,-1,110,538,61,45,0.512697160243988,4,-1,-1
62,-1,1844,453,103,55,0.3068486750125885,6,-1,-1
62,-1,401,549,56,31,0.26757708191871643,7,-1,-1
251,-1,1583,837,148,71,0.8445577025413513,4,-1,-1
251,-1,2121,851,149,59,0.8081248998641968,4,-1,-1
251,-1,1698,758,129,56,0.6604953408241272,4,-1,-1
251,-1,1700,758,127,59,0.4073950946331024,6,-1,-1
251,-1,0,406,40,46,0.28907135128974915,6,-1,-1
66,-1,2360,1031,200,90,0.8444881439208984,4,-1,-1
66,-1,71,409,83,47,0.7789022922515869,6,-1,-1
66,-1,314,441,103,62,0.7681345343589783,6,-1,-1
66,-1,138,541,61,48,0.5706203579902649,4,-1,-1
66,-1,359,536,56,31,0.47781994938850403,4,-1,-1
66,-1,1821,498,96,59,0.451996386051178,6,-1,-1
66,-1,1834,452,111,59,0.37806814908981323,6,-1,-1
2,-1,225,679,244,117,0.7942787408828735,6,-1,-1
2,-1,1295,493,269,124,0.7698444128036499,6,-1,-1
2,-1,0,456,66,66,0.5630950331687927,6,-1,-1
179,-1,580,564,253,123,0.8900945782661438,9,-1,-1
179,-1,2327,1181,236,131,0.8205573558807373,4,-1,-1
179,-1,2022,1148,248,171,0.7083442211151123,6,-1,-1
179,-1,1546,488,69,32,0.4041222631931305,4,-1,-1
179,-1,1607,847,115,58,0.37600940465927124,7,-1,-1
157,-1,2505,1194,215,114,0.8621107339859009,4,-1,-1
157,-1,897,526,200,101,0.8518477082252502,9,-1,-1
157,-1,1100,950,178,126,0.8507102727890015,6,-1,-1
157,-1,2266,958,147,67,0.8023094534873962,4,-1,-1
157,-1,1388,982,166,103,0.5244305729866028,4,-1,-1
157,-1,1389,982,164,104,0.4819413125514984,6,-1,-1
157,-1,898,525,201,103,0.3344731032848358,6,-1,-1
157,-1,1548,486,77,37,0.2720772325992584,4,-1,-1
103,-1,88,466,114,65,0.8281562924385071,6,-1,-1
103,-1,1549,479,125,72,0.825410008430481,6,-1,-1
103,-1,1942,503,142,41,0.41181811690330505,6,-1,-1
103,-1,2013,502,75,41,0.39761653542518616,6,-1,-1
103,-1,2217,482,100,48,0.29235076904296875,6,-1,-1
169,-1,1842,1089,197,114,0.8590698838233948,4,-1,-1
169,-1,1542,1049,215,153,0.8471065163612366,6,-1,-1
169,-1,743,547,221,110,0.8455338478088379,9,-1,-1
169,-1,1887,896,131,67,0.5699781775474548,4,-1,-1
169,-1,743,547,225,111,0.5160317420959473,6,-1,-1
169,-1,1888,897,130,65,0.349924772977829,6,-1,-1
169,-1,1640,721,71,95,0.3408395051956177,6,-1,-1
174,-1,657,557,244,118,0.8990008234977722,9,-1,-1
174,-1,1775,1098,227,163,0.8548044562339783,6,-1,-1
174,-1,2072,1131,214,126,0.8542388081550598,4,-1,-1
174,-1,1742,876,125,55,0.8176637887954712,4,-1,-1
242,-1,2534,1253,185,127,0.8853775858879089,4,-1,-1
242,-1,1900,794,137,56,0.8711095452308655,4,-1,-1
242,-1,1886,894,166,75,0.8586651682853699,4,-1,-1
242,-1,2361,884,165,62,0.763575553894043,4,-1,-1
242,-1,0,609,60,38,0.5968262553215027,4,-1,-1
242,-1,349,549,74,34,0.4106634855270386,4,-1,-1
242,-1,349,548,75,35,0.26332348585128784,5,-1,-1
3,-1,244,673,263,108,0.7795692682266235,6,-1,-1
3,-1,0,456,65,66,0.6535979509353638,6,-1,-1
3,-1,1303,492,268,121,0.6254746913909912,6,-1,-1
165,-1,800,539,215,109,0.8724982142448425,9,-1,-1
165,-1,1677,1053,183,107,0.8716779947280884,4,-1,-1
165,-1,2007,919,138,63,0.8574856519699097,4,-1,-1
165,-1,1382,1014,197,144,0.7689667344093323,6,-1,-1
165,-1,800,541,214,107,0.3604101538658142,6,-1,-1
220,-1,1749,1028,202,97,0.8726008534431458,4,-1,-1
220,-1,1614,754,187,101,0.8680612444877625,6,-1,-1
220,-1,1405,993,164,90,0.8644220232963562,4,-1,-1
220,-1,2486,880,168,60,0.8394166827201843,4,-1,-1
220,-1,353,549,71,33,0.3185330629348755,4,-1,-1
220,-1,1537,430,72,32,0.2702382802963257,4,-1,-1
205,-1,0,577,296,170,0.9160060882568359,9,-1,-1
205,-1,1973,805,207,110,0.8595842719078064,6,-1,-1
205,-1,1170,893,155,83,0.7349018454551697,4,-1,-1
205,-1,362,548,70,36,0.5280025005340576,7,-1,-1
205,-1,1538,432,72,31,0.3784622550010681,4,-1,-1
222,-1,1480,1011,174,95,0.8858611583709717,4,-1,-1
222,-1,1841,1052,211,98,0.8790561556816101,4,-1,-1
222,-1,1571,749,183,101,0.8608781695365906,6,-1,-1
222,-1,2429,871,164,60,0.7966602444648743,4,-1,-1
250,-1,1615,843,149,69,0.8429784178733826,4,-1,-1
250,-1,2146,853,152,62,0.8225400447845459,4,-1,-1
250,-1,1721,760,129,58,0.8153373599052429,4,-1,-1
111,-1,82,462,115,69,0.7677699327468872,6,-1,-1
111,-1,1492,485,127,74,0.6893166303634644,6,-1,-1
111,-1,2687,426,32,23,0.26660436391830444,4,-1,-1
77,-1,301,447,101,61,0.8456955552101135,6,-1,-1
77,-1,53,412,86,45,0.7675250172615051,6,-1,-1
77,-1,195,572,69,50,0.7173279523849487,4,-1,-1
77,-1,1938,499,84,51,0.65973961353302,7,-1,-1
77,-1,239,520,51,32,0.4817604720592499,4,-1,-1
77,-1,1827,459,91,62,0.4070263206958771,6,-1,-1
181,-1,2124,1153,262,187,0.8732756972312927,6,-1,-1
181,-1,541,552,260,130,0.8664246201515198,9,-1,-1
181,-1,2434,1186,248,143,0.7905232310295105,4,-1,-1
181,-1,2641,926,78,108,0.7847343683242798,6,-1,-1
181,-1,359,590,78,40,0.3061124384403229,7,-1,-1
209,-1,1875,790,199,105,0.8551849722862244,6,-1,-1
209,-1,0,591,176,167,0.8517600297927856,9,-1,-1
209,-1,1309,925,161,86,0.7285710573196411,4,-1,-1
209,-1,1036,908,142,78,0.5702434778213501,6,-1,-1
209,-1,1037,908,142,77,0.48742038011550903,4,-1,-1
183,-1,507,536,261,130,0.8958649635314941,9,-1,-1
183,-1,2232,1157,266,188,0.8923593759536743,6,-1,-1
183,-1,2540,1188,180,157,0.8585878610610962,4,-1,-1
183,-1,2580,901,140,120,0.7821364402770996,6,-1,-1
183,-1,504,540,268,125,0.6507698893547058,6,-1,-1
183,-1,1503,798,109,51,0.46761995553970337,4,-1,-1
183,-1,1503,798,110,52,0.27401232719421387,7,-1,-1
41,-1,1498,836,127,61,0.839364767074585,4,-1,-1
41,-1,1930,1019,179,90,0.838207483291626,4,-1,-1
41,-1,1493,541,130,67,0.8323742151260376,6,-1,-1
41,-1,331,447,101,60,0.8091864585876465,6,-1,-1
41,-1,88,414,85,43,0.7574682831764221,6,-1,-1
41,-1,0,502,27,35,0.6787015795707703,4,-1,-1
41,-1,152,547,59,32,0.6180158853530884,4,-1,-1
41,-1,245,555,48,26,0.4808245897293091,4,-1,-1
41,-1,1979,471,189,78,0.39484667778015137,6,-1,-1
100,-1,1569,480,124,68,0.8190112709999084,6,-1,-1
100,-1,94,465,112,67,0.7600517868995667,6,-1,-1
100,-1,1933,503,127,44,0.5793529748916626,6,-1,-1
84,-1,232,453,104,61,0.7605783939361572,6,-1,-1
84,-1,1749,464,103,62,0.634549081325531,6,-1,-1
84,-1,1959,503,84,46,0.5933133959770203,6,-1,-1
84,-1,104,515,52,31,0.5485941767692566,4,-1,-1
84,-1,0,414,68,46,0.5375248193740845,6,-1,-1
84,-1,174,597,74,56,0.5228743553161621,4,-1,-1
84,-1,2208,472,179,68,0.3927452564239502,6,-1,-1
171,-1,1634,1069,216,156,0.8895838260650635,6,-1,-1
171,-1,1929,1106,203,119,0.8713034987449646,4,-1,-1
171,-1,713,553,227,111,0.76978999376297,9,-1,-1
171,-1,711,552,230,112,0.5728902816772461,6,-1,-1
171,-1,1825,888,129,59,0.4145705997943878,4,-1,-1
171,-1,1826,889,127,58,0.2966182231903076,7,-1,-1
55,-1,1924,935,161,76,0.8552882075309753,4,-1,-1
55,-1,2482,1159,235,116,0.844943106174469,4,-1,-1
55,-1,1685,514,113,65,0.792780876159668,6,-1,-1
55,-1,82,416,82,45,0.7814248204231262,6,-1,-1
55,-1,357,584,64,29,0.7077448964118958,4,-1,-1
55,-1,313,447,111,62,0.7063708305358887,6,-1,-1
55,-1,2068,472,185,69,0.6754876971244812,6,-1,-1
55,-1,260,578,63,34,0.6292305588722229,4,-1,-1
55,-1,61,524,60,46,0.45754024386405945,5,-1,-1
55,-1,478,562,62,31,0.4404076635837555,4,-1,-1
55,-1,1896,451,65,54,0.43835383653640747,6,-1,-1
153,-1,948,523,191,96,0.8440992832183838,9,-1,-1
153,-1,2282,1150,218,104,0.8293978571891785,4,-1,-1
153,-1,982,922,165,116,0.7991078495979309,6,-1,-1
153,-1,2407,978,154,66,0.7650560736656189,4,-1,-1
153,-1,1265,954,158,99,0.5932312607765198,6,-1,-1
153,-1,1265,955,158,98,0.5627442598342896,4,-1,-1
80,-1,292,448,104,60,0.8473026752471924,6,-1,-1
80,-1,47,411,83,45,0.7259721755981445,6,-1,-1
80,-1,208,580,69,52,0.6784062385559082,4,-1,-1
80,-1,1813,460,94,62,0.6121346950531006,6,-1,-1
80,-1,207,515,48,31,0.5329538583755493,4,-1,-1
80,-1,1969,502,76,46,0.5179557204246521,6,-1,-1
80,-1,4,409,126,47,0.47509682178497314,6,-1,-1
27,-1,1093,567,156,83,0.861698567867279,6,-1,-1
27,-1,1383,905,142,77,0.8312904834747314,4,-1,-1
27,-1,145,448,109,64,0.7973604202270508,6,-1,-1
140,-1,1726,1021,170,86,0.8442559242248535,4,-1,-1
140,-1,0,472,49,64,0.5888739228248596,6,-1,-1
140,-1,1130,508,166,87,0.5147690773010254,9,-1,-1
140,-1,1130,508,166,87,0.4463181793689728,6,-1,-1
191,-1,321,534,302,144,0.889112651348114,9,-1,-1
191,-1,2344,855,234,115,0.8782327771186829,6,-1,-1
115,-1,79,462,114,69,0.7980291843414307,6,-1,-1
115,-1,1460,489,133,73,0.7155987024307251,6,-1,-1
76,-1,304,447,100,61,0.8288688659667969,6,-1,-1
76,-1,58,412,87,45,0.8057327270507812,6,-1,-1
76,-1,193,568,64,51,0.7926132678985596,4,-1,-1
76,-1,1828,459,92,59,0.4626724123954773,6,-1,-1
76,-1,1929,499,86,47,0.28543680906295776,7,-1,-1
76,-1,2207,472,172,67,0.26330462098121643,6,-1,-1
186,-1,441,523,280,134,0.9133263230323792,9,-1,-1
186,-1,2403,1171,288,199,0.9036352634429932,6,-1,-1
186,-1,2488,872,232,123,0.856776237487793,6,-1,-1
193,-1,271,538,316,149,0.8964583277702332,9,-1,-1
193,-1,2287,848,231,112,0.8700089454650879,6,-1,-1
108,-1,89,468,110,65,0.8404593467712402,6,-1,-1
108,-1,1514,484,126,71,0.6953052878379822,6,-1,-1
108,-1,2050,497,67,42,0.3781520426273346,6,-1,-1
108,-1,2683,428,31,23,0.25826185941696167,4,-1,-1
25,-1,1001,568,172,88,0.8426332473754883,6,-1,-1
25,-1,93,454,114,60,0.7233086824417114,6,-1,-1
25,-1,1295,888,138,82,0.6357775330543518,4,-1,-1
25,-1,1296,889,138,81,0.3522331118583679,6,-1,-1
25,-1,1647,465,212,97,0.3208767771720886,6,-1,-1
13,-1,578,617,213,104,0.8111512064933777,6,-1,-1
13,-1,0,456,60,66,0.6070802807807922,6,-1,-1
13,-1,1418,479,232,111,0.47471579909324646,6,-1,-1
36,-1,93,414,83,43,0.8318154811859131,6,-1,-1
36,-1,1766,981,170,85,0.8246203660964966,4,-1,-1
36,-1,1406,546,136,73,0.813005268573761,6,-1,-1
36,-1,335,445,99,61,0.7637956738471985,6,-1,-1
36,-1,55,489,40,24,0.6749265193939209,4,-1,-1
36,-1,115,536,57,33,0.5772358775138855,4,-1,-1
36,-1,206,541,51,27,0.4327435791492462,4,-1,-1
36,-1,1941,479,191,73,0.3927614986896515,6,-1,-1
129,-1,1262,499,146,83,0.801584780216217,6,-1,-1
129,-1,0,467,81,70,0.791888952255249,6,-1,-1
229,-1,2207,1130,247,117,0.890378475189209,4,-1,-1
229,-1,1789,1083,194,108,0.8754444122314453,4,-1,-1
229,-1,2411,992,202,86,0.844907820224762,4,-1,-1
229,-1,2231,845,152,57,0.8247737288475037,4,-1,-1
229,-1,1427,730,171,95,0.8110657334327698,6,-1,-1
229,-1,1531,430,68,34,0.31224486231803894,4,-1,-1
40,-1,1471,541,132,70,0.8608891367912292,6,-1,-1
40,-1,1895,1012,177,89,0.8438193202018738,4,-1,-1
40,-1,1474,831,122,61,0.8231131434440613,4,-1,-1
40,-1,90,414,84,43,0.8030730485916138,6,-1,-1
40,-1,333,446,100,61,0.7588886022567749,6,-1,-1
40,-1,0,500,21,35,0.4777606725692749,4,-1,-1
40,-1,235,551,51,28,0.3322862684726715,4,-1,-1
97,-1,99,466,109,66,0.7657706141471863,6,-1,-1
97,-1,1936,502,114,47,0.6732770800590515,6,-1,-1
97,-1,1589,481,113,65,0.6728793978691101,6,-1,-1
216,-1,1260,960,154,84,0.8691861629486084,4,-1,-1
216,-1,1706,769,189,99,0.8666989803314209,6,-1,-1
216,-1,1570,989,192,92,0.8630666136741638,4,-1,-1
216,-1,2603,892,117,59,0.5746876001358032,4,-1,-1
142,-1,1793,1040,177,87,0.8562420010566711,4,-1,-1
142,-1,1097,511,168,85,0.8257783055305481,9,-1,-1
142,-1,0,476,29,64,0.4818902611732483,6,-1,-1
142,-1,1576,488,75,34,0.260341078042984,4,-1,-1
91,-1,105,464,110,66,0.7632343769073486,6,-1,-1
91,-1,1630,476,109,65,0.7137387990951538,6,-1,-1
91,-1,2155,476,160,65,0.5886503458023071,6,-1,-1
91,-1,111,639,80,49,0.5398567914962769,4,-1,-1
91,-1,1921,506,86,46,0.5184031128883362,6,-1,-1
63,-1,2230,1002,185,85,0.8464558720588684,4,-1,-1
63,-1,316,446,101,62,0.8394238948822021,6,-1,-1
63,-1,75,414,80,44,0.7474244236946106,6,-1,-1
63,-1,1787,507,99,56,0.7446857690811157,6,-1,-1
63,-1,319,591,66,41,0.6064552068710327,4,-1,-1
63,-1,117,539,62,46,0.5659894943237305,4,-1,-1
63,-1,1871,453,78,55,0.5528148412704468,6,-1,-1
211,-1,1825,784,195,104,0.8732581734657288,6,-1,-1
211,-1,1377,943,172,86,0.8613619208335876,4,-1,-1
211,-1,1097,921,147,80,0.8560940623283386,4,-1,-1
211,-1,0,602,110,150,0.7565446496009827,9,-1,-1
70,-1,2560,1082,160,93,0.8452174067497253,4,-1,-1
70,-1,311,441,102,64,0.7976824641227722,6,-1,-1
70,-1,68,410,83,47,0.7951228618621826,6,-1,-1
70,-1,315,528,53,31,0.6423770785331726,4,-1,-1
70,-1,161,553,61,48,0.5568394660949707,5,-1,-1
70,-1,1867,499,88,55,0.47031891345977783,6,-1,-1
70,-1,162,553,59,46,0.426264226436615,4,-1,-1
70,-1,1845,454,90,55,0.39258989691734314,6,-1,-1
70,-1,2195,472,141,61,0.3679027855396271,6,-1,-1
199,-1,104,555,348,162,0.9037606716156006,9,-1,-1
199,-1,2128,830,215,106,0.8626561164855957,6,-1,-1
155,-1,2391,1172,229,109,0.845560610294342,4,-1,-1
155,-1,1043,935,168,124,0.8361772298812866,6,-1,-1
155,-1,2336,970,149,62,0.8075487613677979,4,-1,-1
155,-1,925,524,193,99,0.6947071552276611,9,-1,-1
155,-1,925,525,195,98,0.6025943160057068,6,-1,-1
155,-1,1325,967,161,102,0.5199955105781555,6,-1,-1
155,-1,1323,967,163,102,0.4111678898334503,4,-1,-1
243,-1,1854,888,161,75,0.8573703169822693,4,-1,-1
243,-1,2605,1269,115,126,0.8303493857383728,4,-1,-1
243,-1,2334,880,161,58,0.8150485157966614,4,-1,-1
243,-1,1875,790,140,57,0.8063395023345947,4,-1,-1
243,-1,348,549,74,34,0.4667549729347229,4,-1,-1
187,-1,419,522,280,137,0.9054853916168213,9,-1,-1
187,-1,2463,1185,257,200,0.8839970827102661,6,-1,-1
187,-1,2459,868,249,125,0.8617343902587891,6,-1,-1
187,-1,343,404,108,49,0.36942771077156067,6,-1,-1
187,-1,1547,434,81,32,0.33072298765182495,4,-1,-1
81,-1,281,446,107,63,0.7784658670425415,6,-1,-1
81,-1,1802,461,98,62,0.751231849193573,6,-1,-1
81,-1,40,414,81,44,0.7114383578300476,6,-1,-1
81,-1,208,583,69,53,0.7109788060188293,4,-1,-1
81,-1,1972,501,83,47,0.5960715413093567,6,-1,-1
81,-1,2232,472,117,61,0.36693304777145386,6,-1,-1
81,-1,1734,334,35,17,0.30271077156066895,4,-1,-1
81,-1,187,516,51,30,0.2988285720348358,4,-1,-1
15,-1,640,612,202,96,0.7890070676803589,6,-1,-1
15,-1,0,456,59,66,0.6770327091217041,6,-1,-1
15,-1,1424,475,244,123,0.6626911759376526,6,-1,-1
21,-1,828,585,186,91,0.7945322394371033,6,-1,-1
21,-1,1533,472,213,88,0.7135737538337708,6,-1,-1
21,-1,0,453,101,65,0.6727339029312134,6,-1,-1
21,-1,1121,870,136,75,0.37203365564346313,4,-1,-1
14,-1,607,614,212,100,0.8058596253395081,6,-1,-1
14,-1,0,456,58,66,0.6814645528793335,6,-1,-1
14,-1,1421,479,239,120,0.6326785087585449,6,-1,-1
264,-1,1801,817,141,60,0.8069849610328674,4,-1,-1
120,-1,36,466,117,66,0.8125779032707214,6,-1,-1
120,-1,1392,491,137,76,0.5306714177131653,9,-1,-1
120,-1,1392,491,138,77,0.2820630967617035,6,-1,-1
170,-1,1587,1059,215,152,0.8827795386314392,6,-1,-1
170,-1,728,548,226,114,0.858860194683075,9,-1,-1
170,-1,1885,1098,200,114,0.8475936651229858,4,-1,-1
170,-1,1858,894,129,63,0.7898143529891968,4,-1,-1
170,-1,1641,722,69,93,0.4041582942008972,6,-1,-1
170,-1,726,548,230,114,0.36461734771728516,6,-1,-1
161,-1,852,531,206,104,0.8894932270050049,9,-1,-1
161,-1,1527,1017,170,103,0.8744229674339294,4,-1,-1
161,-1,2134,940,142,62,0.830751359462738,4,-1,-1
161,-1,1238,981,183,132,0.6005638241767883,6,-1,-1
161,-1,1238,982,183,129,0.43145549297332764,5,-1,-1
161,-1,1549,485,74,36,0.3282490372657776,4,-1,-1
161,-1,1634,736,75,81,0.2869553864002228,6,-1,-1
256,-1,1604,752,116,48,0.8203436732292175,4,-1,-1
256,-1,1996,839,146,59,0.8183751702308655,4,-1,-1
256,-1,1433,811,139,71,0.6743491888046265,4,-1,-1
256,-1,1433,812,139,71,0.39452868700027466,6,-1,-1
105,-1,1538,484,114,70,0.7709506750106812,6,-1,-1
105,-1,89,466,112,66,0.7685839533805847,6,-1,-1
105,-1,2030,498,73,42,0.4017971456050873,6,-1,-1
198,-1,118,554,356,155,0.9015721678733826,9,-1,-1
198,-1,2154,831,218,107,0.8481022119522095,6,-1,-1
230,-1,2270,1144,248,117,0.8866386413574219,4,-1,-1
230,-1,1836,1096,198,106,0.879641592502594,4,-1,-1
230,-1,2367,984,194,86,0.8446195721626282,4,-1,-1
230,-1,2206,841,148,57,0.8267109394073486,4,-1,-1
230,-1,1409,726,167,92,0.7274525761604309,6,-1,-1
230,-1,1531,430,69,34,0.3106345534324646,4,-1,-1
136,-1,0,467,78,69,0.6547597646713257,6,-1,-1
136,-1,1593,987,160,85,0.5709850788116455,4,-1,-1
136,-1,1193,504,159,85,0.5218161940574646,6,-1,-1
136,-1,1192,506,160,84,0.5002047419548035,9,-1,-1
255,-1,2020,841,146,56,0.7835500240325928,4,-1,-1
255,-1,1465,818,135,67,0.7028650045394897,6,-1,-1
255,-1,1619,754,123,47,0.4678628742694855,6,-1,-1
255,-1,1465,818,136,67,0.322968453168869,4,-1,-1
67,-1,2407,1041,204,95,0.8605517745018005,4,-1,-1
67,-1,312,442,104,61,0.8040838241577148,6,-1,-1
67,-1,73,409,80,47,0.7821165919303894,6,-1,-1
67,-1,143,545,62,46,0.6230868697166443,5,-1,-1
67,-1,1832,452,110,67,0.45028239488601685,6,-1,-1
67,-1,348,534,55,30,0.40292680263519287,4,-1,-1
67,-1,1829,497,102,58,0.3933012783527374,6,-1,-1
67,-1,1829,473,104,81,0.31085067987442017,6,-1,-1
150,-1,2132,1115,200,98,0.8580623269081116,4,-1,-1
150,-1,2519,994,159,66,0.8145341873168945,4,-1,-1
150,-1,1188,935,146,94,0.7991234064102173,4,-1,-1
150,-1,983,518,184,93,0.6550289988517761,9,-1,-1
150,-1,982,519,185,92,0.4955274164676666,6,-1,-1
144,-1,1868,1054,177,90,0.853245735168457,4,-1,-1
144,-1,1062,510,176,89,0.45512908697128296,9,-1,-1
144,-1,1062,509,179,91,0.43878236413002014,6,-1,-1
82,-1,275,445,105,65,0.7613285183906555,6,-1,-1
82,-1,31,413,82,45,0.6933476328849792,6,-1,-1
82,-1,205,587,71,54,0.6389433741569519,4,-1,-1
82,-1,1793,461,98,63,0.5451291799545288,6,-1,-1
82,-1,1978,503,78,45,0.36489906907081604,6,-1,-1
82,-1,2233,475,106,57,0.3486308753490448,6,-1,-1
82,-1,2233,471,147,63,0.3468281328678131,6,-1,-1
192,-1,299,536,305,146,0.9070202112197876,9,-1,-1
192,-1,2315,852,233,116,0.8812638521194458,6,-1,-1
58,-1,2032,961,167,77,0.8455396890640259,4,-1,-1
58,-1,1727,513,106,60,0.8022487163543701,6,-1,-1
58,-1,80,417,83,44,0.7711084485054016,6,-1,-1
58,-1,311,445,109,64,0.7689423561096191,6,-1,-1
58,-1,279,583,65,36,0.7211506366729736,4,-1,-1
58,-1,81,532,62,44,0.7032663226127625,4,-1,-1
58,-1,443,555,62,34,0.3751288652420044,4,-1,-1
58,-1,1889,453,72,55,0.3600881099700928,6,-1,-1
58,-1,2628,1196,92,120,0.32343968749046326,4,-1,-1
58,-1,388,591,60,34,0.25082048773765564,7,-1,-1
6,-1,376,655,222,109,0.8392454981803894,6,-1,-1
6,-1,1347,488,249,113,0.7618882656097412,6,-1,-1
6,-1,0,456,63,65,0.7090486288070679,6,-1,-1
204,-1,0,572,324,175,0.9109374284744263,9,-1,-1
204,-1,2000,808,206,113,0.8700234889984131,6,-1,-1
204,-1,1540,431,70,33,0.3998333811759949,4,-1,-1
204,-1,361,548,71,36,0.2899555563926697,4,-1,-1
49,-1,1722,890,147,71,0.8318431377410889,4,-1,-1
49,-1,2221,1094,211,108,0.8205587267875671,4,-1,-1
49,-1,1608,526,114,62,0.8025985956192017,6,-1,-1
49,-1,85,418,81,41,0.6951781511306763,6,-1,-1
49,-1,322,446,109,63,0.6579012274742126,6,-1,-1
49,-1,306,572,57,28,0.6161196231842041,4,-1,-1
49,-1,214,567,57,33,0.49282553791999817,4,-1,-1
49,-1,23,515,55,40,0.48716041445732117,4,-1,-1
49,-1,24,515,55,41,0.42499613761901855,5,-1,-1
49,-1,1911,451,59,54,0.3808610141277313,6,-1,-1
49,-1,2035,470,181,71,0.31988173723220825,6,-1,-1
104,-1,88,465,114,67,0.8156057000160217,6,-1,-1
104,-1,1543,480,128,72,0.8051651120185852,6,-1,-1
104,-1,2019,500,77,43,0.5069742798805237,6,-1,-1
258,-1,1943,837,149,59,0.8145639896392822,4,-1,-1
258,-1,1380,808,131,68,0.7291236519813538,6,-1,-1
258,-1,1565,750,119,48,0.268611341714859,6,-1,-1
258,-1,1566,750,116,48,0.25961798429489136,4,-1,-1
227,-1,2098,1107,234,112,0.886989176273346,4,-1,-1
227,-1,1693,1063,190,101,0.8714702725410461,4,-1,-1
227,-1,1469,735,173,98,0.8575151562690735,6,-1,-1
227,-1,2502,1008,208,91,0.8518159985542297,4,-1,-1
227,-1,2288,853,153,58,0.8246341943740845,4,-1,-1
227,-1,353,549,70,34,0.26561251282691956,5,-1,-1
56,-1,2529,1173,191,118,0.8477990031242371,4,-1,-1
56,-1,1959,943,163,76,0.8446856737136841,4,-1,-1
56,-1,82,416,80,45,0.788455605506897,6,-1,-1
56,-1,1701,514,110,61,0.7698398232460022,6,-1,-1
56,-1,314,447,108,62,0.7426888346672058,6,-1,-1
56,-1,69,528,59,43,0.7362019419670105,4,-1,-1
56,-1,270,579,61,34,0.7302262187004089,4,-1,-1
56,-1,1895,451,68,54,0.48661765456199646,6,-1,-1
56,-1,367,585,62,32,0.42251139879226685,4,-1,-1
56,-1,2063,469,191,70,0.3016238510608673,6,-1,-1
56,-1,366,587,63,31,0.2789554297924042,7,-1,-1
56,-1,465,561,63,32,0.2785656452178955,7,-1,-1
56,-1,1351,437,73,24,0.25767651200294495,4,-1,-1
162,-1,841,533,207,105,0.9014557003974915,9,-1,-1
162,-1,1561,1026,178,102,0.8688232898712158,4,-1,-1
162,-1,2104,935,140,62,0.8317868113517761,4,-1,-1
162,-1,1274,990,186,133,0.7272891998291016,6,-1,-1
162,-1,365,604,76,39,0.36387941241264343,4,-1,-1
127,-1,0,465,84,70,0.7566400766372681,6,-1,-1
127,-1,1282,497,148,81,0.7554503083229065,6,-1,-1
127,-1,1304,916,132,75,0.45150479674339294,4,-1,-1
122,-1,0,464,101,70,0.7701934576034546,6,-1,-1
122,-1,1337,492,140,78,0.7015799283981323,9,-1,-1
163,-1,828,535,207,106,0.8831173181533813,9,-1,-1
163,-1,1598,1036,179,104,0.8748350739479065,4,-1,-1
163,-1,2070,929,139,64,0.7289488911628723,4,-1,-1
163,-1,1310,999,189,134,0.720339298248291,6,-1,-1
59,-1,2070,968,172,80,0.847995936870575,4,-1,-1
59,-1,310,447,109,62,0.7817122936248779,6,-1,-1
59,-1,78,417,84,44,0.7691774964332581,6,-1,-1
59,-1,1740,512,107,58,0.761946439743042,6,-1,-1
59,-1,289,587,61,34,0.5835577845573425,4,-1,-1
59,-1,90,534,60,45,0.48645827174186707,4,-1,-1
59,-1,427,554,66,33,0.41212183237075806,4,-1,-1
59,-1,90,534,60,46,0.37456098198890686,5,-1,-1
59,-1,2675,1204,45,146,0.2875364422798157,6,-1,-1
221,-1,1794,1041,206,97,0.8799307942390442,4,-1,-1
221,-1,1595,752,182,101,0.8735634684562683,6,-1,-1
221,-1,1442,1002,168,93,0.8632351756095886,4,-1,-1
221,-1,2456,875,168,58,0.820784330368042,4,-1,-1
221,-1,351,548,72,35,0.2629334032535553,4,-1,-1
200,-1,67,559,364,165,0.8976208567619324,9,-1,-1
200,-1,2104,823,214,110,0.8504791855812073,6,-1,-1
200,-1,1541,428,83,36,0.3114143908023834,4,-1,-1
116,-1,78,463,115,68,0.7624887228012085,6,-1,-1
116,-1,1454,490,131,73,0.7143155932426453,6,-1,-1
116,-1,1689,487,84,38,0.2828789949417114,4,-1,-1
253,-1,2071,846,145,58,0.7985087037086487,4,-1,-1
253,-1,1658,755,124,52,0.7542175054550171,4,-1,-1
253,-1,1522,826,144,71,0.574934184551239,6,-1,-1
253,-1,1521,826,144,71,0.3868778645992279,4,-1,-1
261,-1,148,572,81,31,0.41473448276519775,4,-1,-1
261,-1,1870,821,147,69,0.35551995038986206,4,-1,-1
244,-1,1858,787,131,55,0.8514584898948669,4,-1,-1
244,-1,1815,877,161,78,0.8322305083274841,4,-1,-1
244,-1,2306,875,160,59,0.815910279750824,4,-1,-1
235,-1,2097,1156,222,116,0.8688186407089233,4,-1,-1
235,-1,2585,1214,134,114,0.8402010798454285,4,-1,-1
235,-1,2073,822,144,55,0.8398626446723938,4,-1,-1
235,-1,2563,909,156,63,0.8070973753929138,4,-1,-1
235,-1,2154,944,178,78,0.8068464994430542,4,-1,-1
235,-1,352,549,72,36,0.2756255567073822,4,-1,-1
146,-1,1943,1073,189,91,0.8612512946128845,4,-1,-1
146,-1,1028,511,180,91,0.8401841521263123,9,-1,-1
146,-1,2669,1016,50,56,0.3377186954021454,7,-1,-1
72,-1,308,446,102,61,0.8006163239479065,6,-1,-1
72,-1,171,559,62,48,0.771648108959198,4,-1,-1
72,-1,67,411,80,46,0.7687962651252747,6,-1,-1
72,-1,297,526,50,33,0.7111594676971436,4,-1,-1
72,-1,2180,471,170,63,0.5355854630470276,6,-1,-1
72,-1,2672,1103,47,105,0.48371368646621704,4,-1,-1
72,-1,1887,498,90,55,0.41893529891967773,6,-1,-1
72,-1,1833,456,95,56,0.3626512885093689,6,-1,-1
72,-1,1888,499,87,53,0.31364163756370544,7,-1,-1
73,-1,306,446,104,61,0.8061147928237915,6,-1,-1
73,-1,176,562,65,47,0.7772912383079529,4,-1,-1
73,-1,65,412,80,46,0.7595411539077759,6,-1,-1
73,-1,1836,456,94,58,0.6840130090713501,6,-1,-1
73,-1,2183,472,160,60,0.6678434014320374,6,-1,-1
73,-1,2185,473,121,53,0.3670558035373688,6,-1,-1
73,-1,1898,497,85,57,0.3197408616542816,6,-1,-1
73,-1,1899,498,84,54,0.2803303897380829,7,-1,-1
152,-1,2232,1138,208,103,0.859340250492096,4,-1,-1
152,-1,959,522,190,95,0.8549056649208069,9,-1,-1
152,-1,2441,984,159,65,0.810293972492218,4,-1,-1
152,-1,1238,950,154,94,0.795238196849823,4,-1,-1
152,-1,947,916,168,113,0.7587247490882874,6,-1,-1
172,-1,1974,1115,207,120,0.8649993538856506,4,-1,-1
172,-1,694,553,232,113,0.8639730215072632,9,-1,-1
172,-1,1677,1080,221,157,0.8303166627883911,6,-1,-1
172,-1,1796,885,127,56,0.8097519874572754,4,-1,-1
172,-1,1638,717,70,105,0.3327508866786957,6,-1,-1
106,-1,87,468,113,64,0.7817357778549194,6,-1,-1
106,-1,1528,483,123,70,0.6951149702072144,6,-1,-1
106,-1,2044,499,64,36,0.28873181343078613,6,-1,-1
252,-1,1551,828,148,74,0.8330696225166321,4,-1,-1
252,-1,2095,848,151,59,0.7948426008224487,4,-1,-1
252,-1,1682,757,124,54,0.6949447393417358,4,-1,-1
79,-1,297,447,101,61,0.8565737009048462,6,-1,-1
79,-1,205,576,69,52,0.8177922368049622,4,-1,-1
79,-1,50,413,86,44,0.762187123298645,6,-1,-1
79,-1,1818,460,94,61,0.6235024929046631,6,-1,-1
79,-1,1960,500,81,50,0.33032792806625366,7,-1,-1
79,-1,2216,473,184,67,0.2529231905937195,6,-1,-1
185,-1,2343,1165,281,193,0.9151832461357117,6,-1,-1
185,-1,463,525,274,131,0.9109832644462585,9,-1,-1
185,-1,2523,880,197,119,0.8241923451423645,6,-1,-1
185,-1,2660,1190,60,127,0.26889267563819885,4,-1,-1
109,-1,89,465,108,68,0.8016575574874878,6,-1,-1
109,-1,1505,483,129,73,0.5186711549758911,9,-1,-1
109,-1,1505,483,130,73,0.4989013969898224,6,-1,-1
109,-1,2047,499,76,39,0.2975195646286011,6,-1,-1
46,-1,1563,531,124,65,0.8393305540084839,6,-1,-1
46,-1,2104,1066,199,97,0.8383504748344421,4,-1,-1
46,-1,1632,867,140,67,0.741838812828064,4,-1,-1
46,-1,85,416,84,42,0.7129712700843811,6,-1,-1
46,-1,327,449,101,59,0.6890630722045898,6,-1,-1
46,-1,282,564,52,28,0.6661800146102905,4,-1,-1
46,-1,192,560,57,34,0.516374945640564,4,-1,-1
46,-1,1,509,59,41,0.44625064730644226,5,-1,-1
46,-1,1,510,60,40,0.32782161235809326,4,-1,-1
46,-1,738,459,54,25,0.2596316337585449,4,-1,-1
121,-1,3,465,121,68,0.8117413520812988,6,-1,-1
121,-1,1361,492,141,76,0.7251173257827759,9,-1,-1
121,-1,468,596,77,38,0.37318581342697144,4,-1,-1
121,-1,1363,491,139,78,0.29030370712280273,6,-1,-1
69,-1,2508,1066,210,99,0.8820875883102417,4,-1,-1
69,-1,312,442,102,62,0.7512115240097046,6,-1,-1
69,-1,70,409,84,48,0.7401756048202515,6,-1,-1
69,-1,155,549,62,48,0.6871664524078369,5,-1,-1
69,-1,328,531,51,32,0.5804305672645569,4,-1,-1
69,-1,1843,454,95,63,0.33358651399612427,6,-1,-1
69,-1,1852,488,88,66,0.30848434567451477,6,-1,-1
69,-1,1363,333,33,20,0.2588638961315155,4,-1,-1
9,-1,454,637,235,106,0.8285988569259644,6,-1,-1
9,-1,1364,484,259,125,0.8119509816169739,6,-1,-1
9,-1,0,457,62,64,0.7215179204940796,6,-1,-1
9,-1,1576,437,70,43,0.34965720772743225,5,-1,-1
210,-1,1066,914,143,78,0.854132890701294,4,-1,-1
210,-1,1849,787,199,102,0.8530302047729492,6,-1,-1
210,-1,0,596,142,161,0.8346322178840637,9,-1,-1
210,-1,1342,934,165,85,0.818921685218811,4,-1,-1
210,-1,358,548,69,37,0.34696274995803833,7,-1,-1
148,-1,1006,513,181,93,0.8428939580917358,9,-1,-1
148,-1,2036,1092,193,97,0.8427450060844421,4,-1,-1
148,-1,2593,1001,127,62,0.7359609007835388,4,-1,-1
148,-1,1131,922,149,93,0.33656585216522217,6,-1,-1
188,-1,395,525,288,138,0.8883367776870728,9,-1,-1
188,-1,2430,864,243,130,0.8717477321624756,6,-1,-1
188,-1,2530,1200,188,193,0.8148188591003418,6,-1,-1
263,-1,1825,821,142,61,0.8472554683685303,4,-1,-1
263,-1,341,552,68,38,0.5618941187858582,5,-1,-1
263,-1,121,569,69,30,0.28813013434410095,4,-1,-1
240,-1,2399,1224,253,132,0.8910732269287109,4,-1,-1
240,-1,1946,801,140,57,0.8578359484672546,4,-1,-1
240,-1,1961,908,169,75,0.855616569519043,4,-1,-1
240,-1,0,606,44,40,0.7403239607810974,4,-1,-1
240,-1,350,549,72,34,0.46432772278785706,4,-1,-1
240,-1,2418,891,166,64,0.2859252989292145,4,-1,-1
64,-1,2270,1009,193,88,0.8544250130653381,4,-1,-1
64,-1,75,411,84,46,0.7889108061790466,6,-1,-1
64,-1,311,441,106,63,0.7792854309082031,6,-1,-1
64,-1,123,540,63,45,0.7118663191795349,4,-1,-1
64,-1,1797,504,98,55,0.700249433517456,6,-1,-1
64,-1,327,592,64,38,0.6706177592277527,4,-1,-1
64,-1,384,542,51,30,0.5262714624404907,4,-1,-1
64,-1,1856,453,88,56,0.5167250037193298,6,-1,-1
64,-1,2132,468,166,68,0.3645380437374115,6,-1,-1
64,-1,1362,334,32,18,0.301373690366745,4,-1,-1
64,-1,1829,458,113,51,0.2883138656616211,6,-1,-1
134,-1,1519,974,158,79,0.8390409350395203,4,-1,-1
134,-1,1212,504,158,85,0.6761124134063721,6,-1,-1
134,-1,0,467,79,70,0.5881953835487366,6,-1,-1
134,-1,1211,504,158,84,0.5564737319946289,9,-1,-1
206,-1,0,580,267,174,0.9083355665206909,9,-1,-1
206,-1,1949,802,204,108,0.864356279373169,6,-1,-1
206,-1,1198,904,161,80,0.7148901224136353,4,-1,-1
206,-1,1538,432,71,31,0.4264923334121704,4,-1,-1
206,-1,362,548,69,36,0.30521276593208313,7,-1,-1
54,-1,1889,927,157,73,0.853841245174408,4,-1,-1
54,-1,2435,1148,234,117,0.8416975736618042,4,-1,-1
54,-1,1677,518,112,61,0.8054845929145813,6,-1,-1
54,-1,83,417,81,44,0.7922062873840332,6,-1,-1
54,-1,349,583,56,28,0.7303193211555481,4,-1,-1
54,-1,251,577,63,36,0.7105172872543335,4,-1,-1
54,-1,313,447,113,62,0.6880102753639221,6,-1,-1
54,-1,2057,472,190,69,0.5802128911018372,6,-1,-1
54,-1,56,524,57,42,0.5616418123245239,4,-1,-1
54,-1,491,565,56,31,0.47412943840026855,4,-1,-1
54,-1,1899,452,64,52,0.45208314061164856,6,-1,-1
223,-1,1890,1062,215,102,0.873508632183075,4,-1,-1
223,-1,1520,1020,175,100,0.864244818687439,4,-1,-1
223,-1,1551,746,180,100,0.8523699045181274,6,-1,-1
223,-1,2401,869,162,56,0.7744336724281311,4,-1,-1
223,-1,351,548,71,35,0.3734113574028015,4,-1,-1
223,-1,2698,1019,22,83,0.28832441568374634,4,-1,-1
89,-1,107,465,113,65,0.7938936948776245,6,-1,-1
89,-1,2143,477,165,64,0.7372946739196777,6,-1,-1
89,-1,94,632,82,56,0.7340620160102844,4,-1,-1
89,-1,1640,475,108,64,0.7071883082389832,6,-1,-1
89,-1,1912,506,81,45,0.4649972915649414,6,-1,-1
89,-1,90,378,48,18,0.2620995044708252,4,-1,-1
202,-1,6,564,375,168,0.9192023873329163,9,-1,-1
202,-1,2052,817,209,108,0.8627434968948364,6,-1,-1
241,-1,2462,1238,256,133,0.8792636394500732,4,-1,-1
241,-1,1921,798,139,56,0.863369345664978,4,-1,-1
241,-1,1923,900,165,78,0.8605738282203674,4,-1,-1
241,-1,2389,888,167,66,0.6261277794837952,4,-1,-1
241,-1,0,607,56,40,0.607687771320343,4,-1,-1
241,-1,349,549,74,35,0.4620027542114258,4,-1,-1
85,-1,203,457,106,63,0.7717830538749695,6,-1,-1
85,-1,1724,469,109,64,0.7257545590400696,6,-1,-1
85,-1,154,606,75,56,0.7082600593566895,5,-1,-1
85,-1,66,520,52,30,0.676547646522522,4,-1,-1
85,-1,1945,504,84,46,0.5033983588218689,6,-1,-1
85,-1,2188,474,167,63,0.452056348323822,6,-1,-1
85,-1,640,580,68,30,0.293914258480072,4,-1,-1
85,-1,0,429,35,34,0.271991491317749,6,-1,-1
53,-1,1855,920,154,72,0.8578452467918396,4,-1,-1
53,-1,2389,1136,231,120,0.8329051733016968,4,-1,-1
53,-1,83,416,82,45,0.7422159910202026,6,-1,-1
53,-1,341,581,49,27,0.7408078908920288,4,-1,-1
53,-1,1662,520,114,61,0.7375826239585876,6,-1,-1
53,-1,319,447,106,62,0.7281782031059265,6,-1,-1
53,-1,241,575,64,35,0.62351393699646,4,-1,-1
53,-1,49,522,57,42,0.6163188219070435,5,-1,-1
53,-1,2055,470,181,73,0.5876122117042542,6,-1,-1
53,-1,1903,452,63,53,0.4667902886867523,6,-1,-1
31,-1,1249,560,152,76,0.8284744620323181,6,-1,-1
31,-1,1565,936,153,78,0.8150025010108948,4,-1,-1
31,-1,251,447,104,61,0.769572377204895,6,-1,-1
31,-1,0,537,41,28,0.6624269485473633,4,-1,-1
31,-1,1830,473,200,82,0.6439189910888672,6,-1,-1
31,-1,84,537,43,26,0.6126333475112915,4,-1,-1
31,-1,1,498,39,23,0.5515996813774109,4,-1,-1
31,-1,0,413,85,45,0.528396725654602,6,-1,-1
7,-1,391,647,237,111,0.8153624534606934,6,-1,-1
7,-1,1354,489,251,117,0.7585365176200867,6,-1,-1
7,-1,0,456,62,66,0.6526312828063965,6,-1,-1
219,-1,1366,983,162,92,0.8795767426490784,4,-1,-1
219,-1,1701,1019,201,95,0.8653711676597595,4,-1,-1
219,-1,1638,758,185,97,0.8575983643531799,6,-1,-1
219,-1,2516,883,170,61,0.8308826088905334,4,-1,-1
219,-1,1537,431,73,32,0.27946606278419495,4,-1,-1
93,-1,101,464,112,68,0.775784969329834,6,-1,-1
93,-1,1614,477,110,65,0.6173925995826721,9,-1,-1
93,-1,1614,477,112,66,0.4953555166721344,6,-1,-1
93,-1,1936,507,83,43,0.4687521159648895,6,-1,-1
93,-1,127,645,77,44,0.2554871141910553,5,-1,-1
35,-1,1739,973,161,80,0.8521336317062378,4,-1,-1
35,-1,92,414,83,43,0.8169757127761841,6,-1,-1
35,-1,332,444,102,62,0.7618901133537292,6,-1,-1
35,-1,1386,548,138,75,0.7475332021713257,6,-1,-1
35,-1,57,492,45,23,0.726390540599823,4,-1,-1
35,-1,198,541,47,26,0.5715250968933105,4,-1,-1
35,-1,107,535,55,32,0.559161901473999,4,-1,-1
35,-1,303,438,132,64,0.25510942935943604,6,-1,-1
149,-1,2085,1103,194,94,0.8481578826904297,4,-1,-1
149,-1,2557,996,161,66,0.7905049324035645,4,-1,-1
149,-1,994,517,184,91,0.7895717024803162,9,-1,-1
149,-1,1155,931,151,91,0.5479897260665894,4,-1,-1
149,-1,1154,931,153,92,0.3976345658302307,6,-1,-1
149,-1,994,516,187,94,0.38490718603134155,6,-1,-1
143,-1,1829,1046,178,88,0.8666593432426453,4,-1,-1
143,-1,1080,511,173,87,0.807843804359436,9,-1,-1
143,-1,2101,444,117,67,0.5169140696525574,6,-1,-1
143,-1,0,475,22,62,0.3275710344314575,6,-1,-1
246,-1,1808,778,133,54,0.8350449800491333,4,-1,-1
246,-1,1744,864,161,75,0.8275744915008545,4,-1,-1
246,-1,2253,865,156,62,0.8136081695556641,4,-1,-1
225,-1,1603,1040,184,100,0.8853316903114319,4,-1,-1
225,-1,1991,1085,224,106,0.8661722540855408,4,-1,-1
225,-1,1509,738,177,101,0.8594000339508057,6,-1,-1
225,-1,2343,858,159,61,0.8501607775688171,4,-1,-1
225,-1,2597,1026,123,86,0.7999460101127625,4,-1,-1
225,-1,351,549,72,35,0.3710429072380066,4,-1,-1
98,-1,1584,479,119,67,0.8141382932662964,6,-1,-1
98,-1,98,464,108,67,0.7699001431465149,6,-1,-1
98,-1,1939,503,113,46,0.6929423809051514,6,-1,-1
98,-1,2191,481,115,51,0.5826336741447449,6,-1,-1
98,-1,173,660,64,25,0.3092333972454071,4,-1,-1
30,-1,1518,928,149,77,0.8056046962738037,4,-1,-1
30,-1,1214,563,155,76,0.7306629419326782,6,-1,-1
30,-1,225,444,108,65,0.7166093587875366,6,-1,-1
30,-1,47,538,44,24,0.5314027070999146,4,-1,-1
30,-1,0,414,58,46,0.454649955034256,6,-1,-1
30,-1,0,502,18,23,0.3847956359386444,4,-1,-1
83,-1,252,445,107,67,0.7124365568161011,6,-1,-1
83,-1,193,591,71,54,0.6926093101501465,4,-1,-1
83,-1,2,413,90,47,0.6224532723426819,6,-1,-1
83,-1,143,514,47,30,0.5667593479156494,4,-1,-1
83,-1,1776,461,99,63,0.5498764514923096,6,-1,-1
83,-1,1973,502,78,46,0.5330613851547241,6,-1,-1
83,-1,2224,475,89,57,0.3782222270965576,6,-1,-1
107,-1,89,469,110,63,0.8099856376647949,6,-1,-1
107,-1,1519,484,127,70,0.7569575309753418,9,-1,-1
107,-1,2046,500,66,40,0.44472917914390564,6,-1,-1
189,-1,372,529,290,139,0.9078850150108337,9,-1,-1
189,-1,2400,861,243,119,0.8454987406730652,6,-1,-1
189,-1,2590,1210,129,214,0.5956243872642517,6,-1,-1
201,-1,38,564,364,165,0.9145585298538208,9,-1,-1
201,-1,2074,819,212,115,0.8613109588623047,6,-1,-1
132,-1,1446,959,159,78,0.7504602670669556,4,-1,-1
132,-1,1232,504,153,81,0.7312861084938049,9,-1,-1
132,-1,0,467,79,71,0.7178729176521301,6,-1,-1
132,-1,1232,504,153,82,0.5443702340126038,6,-1,-1
212,-1,1799,782,195,103,0.878771185874939,6,-1,-1
212,-1,1128,930,149,80,0.8624523282051086,4,-1,-1
212,-1,1415,951,175,86,0.8436668515205383,4,-1,-1
212,-1,0,600,75,152,0.6842788457870483,9,-1,-1
102,-1,1557,479,123,70,0.8294984698295593,6,-1,-1
102,-1,90,466,112,65,0.7860514521598816,6,-1,-1
114,-1,82,466,112,66,0.7253378629684448,6,-1,-1
114,-1,1469,487,129,76,0.6916631460189819,9,-1,-1
43,-1,331,447,99,61,0.8318407535552979,6,-1,-1
43,-1,1999,1038,181,93,0.8125258684158325,4,-1,-1
43,-1,1522,537,121,66,0.8039816617965698,6,-1,-1
43,-1,89,416,83,41,0.754535436630249,6,-1,-1
43,-1,167,553,58,32,0.7286868691444397,4,-1,-1
43,-1,255,558,55,27,0.6839367747306824,4,-1,-1
43,-1,1552,848,128,64,0.6325914263725281,4,-1,-1
43,-1,0,505,38,38,0.4214338958263397,4,-1,-1
43,-1,1921,451,53,46,0.40150511264801025,6,-1,-1
164,-1,1637,1045,183,105,0.881830096244812,4,-1,-1
164,-1,815,538,213,106,0.8727184534072876,9,-1,-1
164,-1,2039,924,136,62,0.8480350971221924,4,-1,-1
164,-1,1346,1007,193,136,0.7290385365486145,5,-1,-1
164,-1,504,459,98,38,0.37596777081489563,6,-1,-1
95,-1,1604,478,113,66,0.8229619860649109,6,-1,-1
95,-1,100,464,110,68,0.7910311222076416,6,-1,-1
95,-1,145,649,76,35,0.6088307499885559,4,-1,-1
95,-1,1921,505,112,44,0.5963459014892578,6,-1,-1
95,-1,451,533,73,32,0.31034380197525024,4,-1,-1
112,-1,82,464,114,67,0.792725145816803,6,-1,-1
112,-1,1481,485,132,73,0.7162631750106812,6,-1,-1
112,-1,2081,498,63,38,0.36794403195381165,6,-1,-1
112,-1,2689,426,30,23,0.3598867356777191,4,-1,-1
138,-1,1661,1007,164,80,0.8389922976493835,4,-1,-1
138,-1,0,468,66,68,0.7153989672660828,6,-1,-1
138,-1,1159,504,170,89,0.6267463564872742,9,-1,-1
138,-1,1159,505,169,88,0.48541319370269775,6,-1,-1
248,-1,1766,772,129,54,0.8340906500816345,4,-1,-1
248,-1,2196,859,159,59,0.808961808681488,4,-1,-1
248,-1,1678,853,154,71,0.7657027244567871,4,-1,-1
248,-1,1528,428,76,29,0.27959513664245605,4,-1,-1
5,-1,344,660,226,111,0.8116209506988525,6,-1,-1
5,-1,1333,490,255,113,0.7660898566246033,6,-1,-1
5,-1,0,456,63,65,0.7382493019104004,6,-1,-1
34,-1,1706,965,160,78,0.8502469062805176,4,-1,-1
34,-1,326,446,100,61,0.8312681913375854,6,-1,-1
34,-1,1363,552,144,73,0.7284427881240845,6,-1,-1
34,-1,95,534,52,29,0.7269414067268372,4,-1,-1
34,-1,83,414,87,43,0.7163885831832886,6,-1,-1
34,-1,56,494,44,23,0.7039811015129089,4,-1,-1
34,-1,176,540,53,25,0.4785350263118744,4,-1,-1
34,-1,1914,476,201,79,0.2882048785686493,6,-1,-1
34,-1,745,561,67,26,0.2579667568206787,4,-1,-1
99,-1,1576,480,121,69,0.8077183365821838,6,-1,-1
99,-1,96,464,111,68,0.7718856930732727,6,-1,-1
99,-1,1938,504,122,43,0.6018972992897034,6,-1,-1
257,-1,1970,838,147,60,0.8155001997947693,4,-1,-1
257,-1,1407,810,135,70,0.6001462340354919,6,-1,-1
23,-1,37,453,111,64,0.815742015838623,6,-1,-1
23,-1,912,576,180,90,0.7961089611053467,6,-1,-1
16,-1,1452,474,220,100,0.7623646855354309,6,-1,-1
16,-1,705,609,163,94,0.7169429659843445,6,-1,-1
16,-1,0,456,58,65,0.6400204300880432,6,-1,-1
19,-1,749,596,192,90,0.8565265536308289,6,-1,-1
19,-1,0,457,64,64,0.6895104050636292,6,-1,-1
19,-1,1469,471,233,120,0.48256629705429077,6,-1,-1
137,-1,1631,1002,158,75,0.8335224390029907,4,-1,-1
137,-1,0,467,74,70,0.6796063780784607,6,-1,-1
137,-1,1177,505,164,87,0.6756672263145447,9,-1,-1
137,-1,1178,506,162,86,0.5689711570739746,6,-1,-1
61,-1,2149,986,176,83,0.8554991483688354,4,-1,-1
61,-1,314,448,105,61,0.7989017367362976,6,-1,-1
61,-1,77,415,83,46,0.7858788371086121,6,-1,-1
61,-1,2112,471,171,68,0.5751222372055054,6,-1,-1
61,-1,303,591,66,37,0.5535380840301514,4,-1,-1
61,-1,103,538,60,45,0.508527398109436,4,-1,-1
61,-1,1765,512,100,56,0.49198004603385925,6,-1,-1
61,-1,412,551,57,30,0.48493415117263794,4,-1,-1
61,-1,1767,514,98,54,0.4277915358543396,7,-1,-1
61,-1,1875,454,76,55,0.28407707810401917,6,-1,-1
96,-1,1597,478,114,66,0.7915505170822144,6,-1,-1
96,-1,99,464,109,68,0.7288229465484619,6,-1,-1
96,-1,1930,504,113,45,0.710057258605957,6,-1,-1
96,-1,143,652,82,34,0.5475942492485046,4,-1,-1
96,-1,448,532,72,33,0.28015589714050293,4,-1,-1
96,-1,552,590,65,36,0.27754104137420654,4,-1,-1
156,-1,1070,942,175,126,0.8729138970375061,6,-1,-1
156,-1,913,525,196,100,0.8562579154968262,9,-1,-1
156,-1,2448,1184,234,114,0.8561984896659851,4,-1,-1
156,-1,2301,965,150,63,0.8239513039588928,4,-1,-1
156,-1,1358,975,162,103,0.5947234630584717,6,-1,-1
156,-1,1356,976,164,101,0.546840488910675,4,-1,-1
156,-1,1549,487,76,36,0.3862272799015045,4,-1,-1
24,-1,67,452,111,63,0.6541600227355957,6,-1,-1
24,-1,959,574,173,87,0.6475623250007629,6,-1,-1
24,-1,1613,468,213,104,0.4005054831504822,6,-1,-1
24,-1,510,460,66,27,0.25672924518585205,4,-1,-1
159,-1,874,528,204,104,0.8783015608787537,9,-1,-1
159,-1,1454,999,170,102,0.8445430397987366,4,-1,-1
159,-1,1169,965,179,130,0.833878219127655,6,-1,-1
159,-1,2197,947,146,60,0.8194209337234497,4,-1,-1
159,-1,2630,1215,89,110,0.3172449767589569,4,-1,-1
33,-1,1326,552,144,77,0.8263281583786011,6,-1,-1
33,-1,1658,953,160,83,0.8006311655044556,4,-1,-1
33,-1,306,446,98,61,0.7798835635185242,6,-1,-1
33,-1,60,414,82,43,0.772368848323822,6,-1,-1
33,-1,61,534,54,29,0.6481108069419861,4,-1,-1
33,-1,38,494,46,23,0.6242024898529053,4,-1,-1
33,-1,149,538,49,26,0.5983616709709167,4,-1,-1
173,-1,1726,1089,223,158,0.891750156879425,6,-1,-1
173,-1,679,555,232,114,0.8810127973556519,9,-1,-1
173,-1,2023,1123,211,119,0.8718734383583069,4,-1,-1
173,-1,1767,881,126,56,0.8438971042633057,4,-1,-1
233,-1,2451,1183,268,129,0.8790258765220642,4,-1,-1
233,-1,1990,1131,210,111,0.8776615262031555,4,-1,-1
233,-1,2125,830,145,57,0.8348215222358704,4,-1,-1
233,-1,2238,959,182,81,0.7971842288970947,4,-1,-1
233,-1,2625,916,95,57,0.398673415184021,4,-1,-1
233,-1,2238,959,183,82,0.35206863284111023,5,-1,-1
145,-1,1902,1062,185,93,0.8602198958396912,4,-1,-1
145,-1,1045,511,178,90,0.8014891743659973,9,-1,-1
10,-1,486,631,226,107,0.834934413433075,6,-1,-1
10,-1,1395,484,235,102,0.787773072719574,6,-1,-1
10,-1,0,457,62,64,0.7130267024040222,6,-1,-1
141,-1,1764,1031,167,86,0.8615847826004028,4,-1,-1
141,-1,1114,509,170,88,0.706195592880249,9,-1,-1
141,-1,0,472,40,67,0.3493150770664215,6,-1,-1
254,-1,2046,843,146,61,0.8055270314216614,4,-1,-1
254,-1,1494,819,137,74,0.6775109171867371,6,-1,-1
254,-1,1639,754,124,51,0.5004429817199707,6,-1,-1
176,-1,633,560,243,119,0.8772844672203064,9,-1,-1
176,-1,2170,1149,226,131,0.8186934590339661,4,-1,-1
176,-1,1873,1117,235,164,0.7698440551757812,6,-1,-1
176,-1,1686,861,122,59,0.5848913788795471,6,-1,-1
184,-1,482,530,273,129,0.8880082368850708,9,-1,-1
184,-1,2288,1157,271,192,0.8654987812042236,6,-1,-1
184,-1,2551,888,169,123,0.8354571461677551,6,-1,-1
184,-1,2600,1193,120,146,0.7466232180595398,4,-1,-1
184,-1,1645,690,67,80,0.31203415989875793,6,-1,-1
184,-1,1479,787,106,48,0.2640106678009033,6,-1,-1
117,-1,81,467,110,63,0.7267798781394958,6,-1,-1
117,-1,1443,489,136,74,0.5995343327522278,9,-1,-1
117,-1,2107,494,64,38,0.30506616830825806,6,-1,-1
117,-1,2107,495,63,37,0.27842479944229126,4,-1,-1
28,-1,1128,562,160,84,0.8802148103713989,6,-1,-1
28,-1,1428,912,144,77,0.8092926740646362,4,-1,-1
28,-1,172,447,108,64,0.7867016792297363,6,-1,-1
208,-1,0,588,208,164,0.8797017335891724,9,-1,-1
208,-1,1905,796,195,102,0.8615004420280457,6,-1,-1
208,-1,1272,918,160,83,0.7951613068580627,4,-1,-1
208,-1,1007,903,140,76,0.7338157892227173,6,-1,-1
208,-1,357,549,71,35,0.37103065848350525,4,-1,-1
208,-1,493,422,63,30,0.2614143192768097,4,-1,-1
208,-1,1536,429,75,32,0.2577688992023468,4,-1,-1
26,-1,1046,568,167,84,0.8749508857727051,6,-1,-1
26,-1,118,451,111,62,0.7554065585136414,6,-1,-1
26,-1,1337,895,141,80,0.5161405801773071,4,-1,-1
178,-1,1972,1135,243,170,0.8563122749328613,6,-1,-1
178,-1,599,561,249,124,0.8430948853492737,9,-1,-1
178,-1,2273,1169,233,134,0.8328580856323242,4,-1,-1
178,-1,1633,850,118,60,0.3073570132255554,6,-1,-1
178,-1,1632,850,118,59,0.29051125049591064,7,-1,-1
178,-1,1546,489,68,30,0.2791050672531128,4,-1,-1
101,-1,1563,479,125,70,0.8175618648529053,6,-1,-1
101,-1,93,464,111,67,0.7737664580345154,6,-1,-1
101,-1,1936,504,135,43,0.2820225656032562,6,-1,-1
101,-1,2001,503,71,42,0.2539748251438141,6,-1,-1
110,-1,86,462,111,70,0.7579646110534668,6,-1,-1
110,-1,1498,483,131,75,0.6738371253013611,6,-1,-1
168,-1,1800,1081,192,113,0.8924428224563599,4,-1,-1
168,-1,1501,1042,211,148,0.8833101391792297,6,-1,-1
168,-1,761,545,217,109,0.8578416705131531,9,-1,-1
168,-1,1919,905,132,61,0.8067528605461121,4,-1,-1
168,-1,757,544,224,110,0.29821842908859253,6,-1,-1
37,-1,94,414,82,43,0.8476766347885132,6,-1,-1
37,-1,1799,988,169,82,0.8390707969665527,4,-1,-1
37,-1,1421,546,139,71,0.7837372422218323,6,-1,-1
37,-1,314,442,119,64,0.7474365234375,6,-1,-1
37,-1,49,489,42,23,0.6286879777908325,4,-1,-1
37,-1,125,540,54,31,0.6125369668006897,4,-1,-1
37,-1,1399,809,116,62,0.3432062864303589,5,-1,-1
231,-1,2328,1158,255,118,0.8792281746864319,4,-1,-1
231,-1,1885,1105,203,111,0.8785713315010071,4,-1,-1
231,-1,2176,836,150,59,0.8244936466217041,4,-1,-1
231,-1,2324,975,187,86,0.7997004389762878,4,-1,-1
231,-1,1390,726,168,89,0.6399927735328674,6,-1,-1
231,-1,2687,930,32,52,0.31939488649368286,4,-1,-1
231,-1,1530,430,70,32,0.27422285079956055,4,-1,-1
113,-1,82,465,113,66,0.7669543027877808,6,-1,-1
113,-1,1475,486,130,75,0.5239558219909668,9,-1,-1
113,-1,2695,425,24,22,0.2775869369506836,4,-1,-1
39,-1,1864,1004,173,88,0.8548157811164856,4,-1,-1
39,-1,90,415,84,42,0.8160679340362549,6,-1,-1
39,-1,1448,825,121,58,0.8070218563079834,4,-1,-1
39,-1,332,445,101,61,0.7675431966781616,6,-1,-1
39,-1,1457,545,134,67,0.7186038494110107,6,-1,-1
39,-1,137,542,57,35,0.374847948551178,4,-1,-1
39,-1,0,501,18,30,0.33261021971702576,4,-1,-1
39,-1,35,487,44,24,0.2536676526069641,4,-1,-1
224,-1,1563,1032,179,97,0.8808851838111877,4,-1,-1
224,-1,1935,1074,224,104,0.8748308420181274,4,-1,-1
224,-1,1529,745,180,100,0.874519944190979,6,-1,-1
224,-1,2372,862,159,62,0.8322280049324036,4,-1,-1
224,-1,2647,1038,72,81,0.5645334720611572,4,-1,-1
224,-1,350,549,72,33,0.4070322811603546,4,-1,-1
42,-1,1524,842,127,62,0.8557950854301453,4,-1,-1
42,-1,1964,1028,180,93,0.8406121134757996,4,-1,-1
42,-1,333,447,98,61,0.8280876278877258,6,-1,-1
42,-1,88,414,86,43,0.7263818383216858,6,-1,-1
42,-1,1501,536,132,69,0.7023743391036987,6,-1,-1
42,-1,0,502,34,37,0.6273286938667297,4,-1,-1
42,-1,161,550,56,31,0.6100780963897705,4,-1,-1
42,-1,1921,451,54,46,0.26283758878707886,6,-1,-1
238,-1,2273,1195,238,125,0.8915801048278809,4,-1,-1
238,-1,2036,921,172,79,0.8398171067237854,4,-1,-1
238,-1,1995,810,141,55,0.8288866281509399,4,-1,-1
238,-1,2473,899,172,69,0.801698625087738,4,-1,-1
238,-1,0,607,23,40,0.3404839038848877,4,-1,-1
238,-1,349,548,73,36,0.29098382592201233,4,-1,-1
78,-1,301,448,99,60,0.8397736549377441,6,-1,-1
78,-1,55,411,84,46,0.7581626772880554,6,-1,-1
78,-1,201,573,67,52,0.7362961173057556,4,-1,-1
78,-1,1823,460,93,60,0.42990565299987793,6,-1,-1
78,-1,1948,499,83,49,0.4139274060726166,6,-1,-1
78,-1,1949,499,82,50,0.33293449878692627,7,-1,-1
78,-1,226,519,52,31,0.2887401580810547,4,-1,-1
119,-1,1415,490,137,76,0.776282787322998,9,-1,-1
119,-1,64,465,111,66,0.5129256248474121,6,-1,-1
119,-1,2109,492,62,40,0.34678298234939575,6,-1,-1
119,-1,2689,425,29,23,0.2578648030757904,4,-1,-1
195,-1,217,544,323,151,0.895385205745697,9,-1,-1
195,-1,2235,842,223,105,0.8681391477584839,6,-1,-1
57,-1,1996,952,166,78,0.8583067655563354,4,-1,-1
57,-1,81,417,83,44,0.7677767872810364,6,-1,-1
57,-1,2576,1184,143,118,0.7653241753578186,4,-1,-1
57,-1,319,447,102,62,0.725188136100769,6,-1,-1
57,-1,1711,510,114,65,0.7130653262138367,6,-1,-1
57,-1,369,587,68,36,0.5943066477775574,4,-1,-1
57,-1,274,582,61,34,0.5258156061172485,4,-1,-1
57,-1,76,530,59,44,0.5212405920028687,4,-1,-1
57,-1,1892,452,70,55,0.4604322612285614,6,-1,-1
57,-1,456,559,57,31,0.4006311893463135,4,-1,-1
57,-1,2059,471,205,72,0.3107832372188568,6,-1,-1
65,-1,2317,1019,192,87,0.8503897786140442,4,-1,-1
65,-1,315,441,102,62,0.767443835735321,6,-1,-1
65,-1,73,409,84,47,0.7240673303604126,6,-1,-1
65,-1,1810,502,94,56,0.5699180364608765,6,-1,-1
65,-1,130,541,63,46,0.550696074962616,5,-1,-1
65,-1,1837,453,108,57,0.43578922748565674,6,-1,-1
65,-1,370,537,56,31,0.35180792212486267,4,-1,-1
65,-1,337,593,63,39,0.31789663434028625,4,-1,-1
94,-1,1611,478,108,65,0.7264557480812073,9,-1,-1
94,-1,102,464,110,65,0.7064792513847351,6,-1,-1
94,-1,135,648,75,37,0.6021264791488647,4,-1,-1
94,-1,1932,505,97,46,0.5482022762298584,6,-1,-1
94,-1,1611,478,110,65,0.41302600502967834,6,-1,-1
48,-1,1693,883,144,68,0.8645678758621216,4,-1,-1
48,-1,2183,1086,204,100,0.843022882938385,4,-1,-1
48,-1,1591,528,124,63,0.7572846412658691,6,-1,-1
48,-1,302,568,49,28,0.7416788935661316,4,-1,-1
48,-1,322,446,108,62,0.7238081097602844,6,-1,-1
48,-1,86,416,78,43,0.6894162893295288,6,-1,-1
48,-1,17,513,57,41,0.6233624815940857,5,-1,-1
48,-1,206,563,57,35,0.5998281240463257,4,-1,-1
48,-1,1915,451,54,53,0.26704272627830505,6,-1,-1
215,-1,1730,770,191,101,0.8779870867729187,6,-1,-1
215,-1,1529,980,185,88,0.8713345527648926,4,-1,-1
215,-1,1226,952,153,83,0.8658484220504761,4,-1,-1
215,-1,2634,896,86,57,0.2593277096748352,4,-1,-1
75,-1,305,447,100,61,0.8151393532752991,6,-1,-1
75,-1,186,566,66,51,0.7935469150543213,4,-1,-1
75,-1,58,412,83,45,0.7611626982688904,6,-1,-1
75,-1,1830,458,92,59,0.6131336092948914,6,-1,-1
75,-1,1919,498,84,56,0.6087605953216553,7,-1,-1
182,-1,524,543,263,130,0.8885963559150696,9,-1,-1
182,-1,2178,1154,263,184,0.8822104334831238,6,-1,-1
182,-1,2487,1189,232,144,0.7794366478919983,4,-1,-1
182,-1,2604,912,116,110,0.6946427822113037,6,-1,-1
182,-1,2487,1187,232,145,0.4885757863521576,6,-1,-1
182,-1,1528,813,110,55,0.4844849109649658,7,-1,-1
182,-1,362,582,76,37,0.31459492444992065,7,-1,-1
182,-1,1545,465,82,33,0.2856367230415344,4,-1,-1
11,-1,545,626,197,104,0.839368462562561,6,-1,-1
11,-1,1402,482,238,115,0.7633308172225952,6,-1,-1
11,-1,0,456,61,65,0.5944193005561829,6,-1,-1
11,-1,2684,1243,36,164,0.5858906507492065,1,-1,-1
207,-1,0,584,238,168,0.8876746296882629,9,-1,-1
207,-1,1925,798,200,106,0.8719537258148193,6,-1,-1
207,-1,1234,909,162,84,0.6903324127197266,6,-1,-1
207,-1,978,896,137,75,0.4966897964477539,6,-1,-1
207,-1,1234,907,163,85,0.3602442443370819,4,-1,-1
207,-1,1536,431,75,30,0.33176445960998535,4,-1,-1
207,-1,359,548,71,36,0.3165590465068817,4,-1,-1
265,-1,1774,812,141,62,0.7947532534599304,4,-1,-1
218,-1,1661,762,188,105,0.8833936452865601,6,-1,-1
218,-1,1658,1010,196,95,0.8668813705444336,4,-1,-1
218,-1,1332,975,159,86,0.8651096224784851,4,-1,-1
218,-1,2545,886,169,63,0.8005258440971375,4,-1,-1
228,-1,1739,1072,193,106,0.8835217356681824,4,-1,-1
228,-1,2153,1119,239,114,0.8800330758094788,4,-1,-1
228,-1,2457,999,202,90,0.849128007888794,4,-1,-1
228,-1,2259,849,154,58,0.83281010389328,4,-1,-1
228,-1,1447,732,175,96,0.8183653950691223,6,-1,-1
228,-1,352,549,70,34,0.2795850336551666,4,-1,-1
247,-1,1713,859,155,75,0.8437719941139221,4,-1,-1
247,-1,1787,775,132,55,0.8357300162315369,4,-1,-1
247,-1,2225,863,157,61,0.8128783702850342,4,-1,-1
247,-1,1528,428,77,31,0.3703392744064331,4,-1,-1
135,-1,1556,981,158,80,0.861629068851471,4,-1,-1
135,-1,1205,504,159,86,0.7190552353858948,6,-1,-1
135,-1,0,468,78,68,0.5734542608261108,6,-1,-1
135,-1,2112,478,71,41,0.26375383138656616,6,-1,-1
154,-1,2335,1160,222,105,0.8565089702606201,4,-1,-1
154,-1,1298,966,156,94,0.8342539668083191,4,-1,-1
154,-1,937,522,193,98,0.8340626955032349,9,-1,-1
154,-1,1009,928,170,121,0.8320484161376953,6,-1,-1
154,-1,2373,975,150,63,0.7803382873535156,4,-1,-1
131,-1,0,467,80,69,0.7284080386161804,6,-1,-1
131,-1,1421,948,149,79,0.7217915058135986,4,-1,-1
131,-1,1242,503,155,82,0.7118712067604065,6,-1,-1
147,-1,1018,513,179,91,0.8558949828147888,9,-1,-1
147,-1,1990,1083,189,93,0.8538745045661926,4,-1,-1
147,-1,2632,1004,88,60,0.29507309198379517,4,-1,-1
260,-1,1897,829,145,64,0.7663715481758118,4,-1,-1
260,-1,1323,800,130,67,0.41738003492355347,6,-1,-1
125,-1,0,464,86,71,0.8084176778793335,6,-1,-1
125,-1,1297,494,147,80,0.7568040490150452,9,-1,-1
130,-1,1253,502,149,83,0.8092603087425232,6,-1,-1
130,-1,0,468,81,68,0.6195025444030762,6,-1,-1
130,-1,1386,941,146,78,0.6132062673568726,4,-1,-1
175,-1,652,558,239,120,0.898037314414978,9,-1,-1
175,-1,2121,1141,220,125,0.8821186423301697,4,-1,-1
175,-1,1823,1106,231,165,0.8571320176124573,6,-1,-1
175,-1,1713,869,123,57,0.4764975607395172,4,-1,-1
203,-1,0,569,352,171,0.9123726487159729,9,-1,-1
203,-1,2025,813,207,108,0.8733317255973816,6,-1,-1
203,-1,1540,430,76,34,0.3900805115699768,4,-1,-1
45,-1,1546,530,132,70,0.8485410213470459,6,-1,-1
45,-1,2069,1055,190,98,0.8277913331985474,4,-1,-1
45,-1,1605,862,137,64,0.8130013346672058,4,-1,-1
45,-1,327,447,102,61,0.7268849611282349,6,-1,-1
45,-1,85,414,84,43,0.7206966876983643,6,-1,-1
45,-1,183,557,60,34,0.6712852120399475,4,-1,-1
45,-1,0,507,53,40,0.5580316185951233,4,-1,-1
45,-1,274,563,54,27,0.5481685400009155,4,-1,-1
45,-1,0,485,46,51,0.27634531259536743,4,-1,-1
45,-1,737,459,52,22,0.26426416635513306,4,-1,-1
259,-1,1920,836,148,58,0.8142667412757874,4,-1,-1
259,-1,1349,805,134,67,0.597976565361023,6,-1,-1
259,-1,340,550,69,43,0.36200129985809326,5,-1,-1
1,-1,152,683,286,123,0.7906724214553833,6,-1,-1
1,-1,1282,495,276,124,0.5854446291923523,6,-1,-1
1,-1,0,455,66,67,0.5186575651168823,6,-1,-1
133,-1,1482,965,158,80,0.770681619644165,4,-1,-1
133,-1,1219,504,157,82,0.748171865940094,9,-1,-1
133,-1,0,468,79,69,0.6816709041595459,6,-1,-1
133,-1,1221,504,156,81,0.3154871463775635,6,-1,-1
133,-1,438,602,69,32,0.2794841229915619,4,-1,-1
214,-1,1494,972,179,87,0.8722027540206909,4,-1,-1
214,-1,1195,945,150,82,0.868710458278656,4,-1,-1
214,-1,1752,775,196,99,0.8660669922828674,6,-1,-1
22,-1,3,452,123,65,0.7765008211135864,6,-1,-1
22,-1,869,580,185,91,0.7534918189048767,6,-1,-1
22,-1,1557,472,216,94,0.40469786524772644,6,-1,-1
226,-1,2043,1096,230,108,0.8683566451072693,4,-1,-1
226,-1,1650,1051,185,101,0.8530017137527466,4,-1,-1
226,-1,2549,1018,171,88,0.8518772125244141,4,-1,-1
226,-1,1488,736,175,101,0.8470998406410217,6,-1,-1
226,-1,2315,857,156,57,0.8332416415214539,4,-1,-1
226,-1,353,550,69,33,0.32787761092185974,4,-1,-1
50,-1,1753,898,149,71,0.8597665429115295,4,-1,-1
50,-1,2259,1107,219,106,0.8379461169242859,4,-1,-1
50,-1,83,417,87,44,0.7796654105186462,6,-1,-1
50,-1,321,447,106,62,0.7533426284790039,6,-1,-1
50,-1,1621,525,119,62,0.7457923889160156,6,-1,-1
50,-1,316,573,56,30,0.6569194793701172,4,-1,-1
50,-1,221,569,59,33,0.6388271450996399,4,-1,-1
50,-1,2044,471,174,72,0.6349260210990906,6,-1,-1
50,-1,30,516,56,42,0.4518167972564697,4,-1,-1
50,-1,29,516,57,42,0.39873769879341125,5,-1,-1
50,-1,292,444,135,52,0.32969558238983154,6,-1,-1
139,-1,1693,1017,167,82,0.8525378704071045,4,-1,-1
139,-1,1144,507,168,86,0.6769534349441528,9,-1,-1
139,-1,0,472,59,65,0.6129141449928284,6,-1,-1
139,-1,1146,508,168,86,0.33230045437812805,6,-1,-1
74,-1,305,447,102,61,0.8386255502700806,6,-1,-1
74,-1,66,412,80,46,0.7964280843734741,6,-1,-1
74,-1,182,563,66,50,0.7615305781364441,4,-1,-1
74,-1,2187,471,176,66,0.6808949708938599,6,-1,-1
74,-1,1907,498,85,55,0.6648634076118469,7,-1,-1
74,-1,1831,457,96,59,0.6523342132568359,6,-1,-1
74,-1,272,523,54,33,0.43594232201576233,4,-1,-1
128,-1,0,466,82,71,0.788916826248169,6,-1,-1
128,-1,1272,498,146,82,0.7242403030395508,6,-1,-1
128,-1,1614,487,79,39,0.28989019989967346,4,-1,-1
128,-1,1327,923,136,78,0.2725892961025238,4,-1,-1
68,-1,2458,1055,209,95,0.8703672289848328,4,-1,-1
68,-1,311,443,104,61,0.8127810955047607,6,-1,-1
68,-1,72,411,80,44,0.6964000463485718,6,-1,-1
68,-1,338,531,54,33,0.5622905492782593,4,-1,-1
68,-1,148,547,63,48,0.5092296004295349,5,-1,-1
68,-1,1838,495,95,60,0.4840542674064636,6,-1,-1
68,-1,1820,453,116,59,0.40900301933288574,6,-1,-1
68,-1,352,598,70,37,0.36572787165641785,4,-1,-1
68,-1,147,548,65,46,0.3479827344417572,4,-1,-1
234,-1,2043,1143,215,115,0.8806259632110596,4,-1,-1
234,-1,2515,1199,205,117,0.8699676990509033,4,-1,-1
234,-1,2099,825,144,58,0.847812831401825,4,-1,-1
234,-1,2196,952,184,82,0.8162452578544617,4,-1,-1
234,-1,2589,912,131,59,0.781347393989563,4,-1,-1
234,-1,352,549,72,34,0.32855507731437683,4,-1,-1
234,-1,2292,394,47,19,0.3199368119239807,4,-1,-1
124,-1,0,463,87,71,0.8167774081230164,6,-1,-1
124,-1,1307,493,147,78,0.7585034370422363,9,-1,-1
126,-1,0,465,85,70,0.7918050289154053,6,-1,-1
126,-1,1291,496,143,79,0.668212890625,6,-1,-1
126,-1,1615,482,77,43,0.2613997757434845,4,-1,-1
262,-1,1848,820,143,68,0.3472438156604767,4,-1,-1
47,-1,2143,1073,199,101,0.8491293787956238,4,-1,-1
47,-1,1663,875,140,68,0.8394148349761963,4,-1,-1
47,-1,288,567,56,26,0.7947748899459839,4,-1,-1
47,-1,1573,529,129,66,0.7841767072677612,6,-1,-1
47,-1,325,447,105,61,0.7681249380111694,6,-1,-1
47,-1,196,562,61,32,0.7057476043701172,4,-1,-1
47,-1,12,510,54,40,0.6789082884788513,4,-1,-1
47,-1,87,417,81,41,0.6743822693824768,6,-1,-1
47,-1,1917,450,55,52,0.2891138792037964,6,-1,-1
18,-1,715,601,201,87,0.7409153580665588,6,-1,-1
18,-1,0,456,59,65,0.528451681137085,6,-1,-1
18,-1,1471,473,219,108,0.29375752806663513,6,-1,-1
160,-1,1489,1006,171,106,0.8599947690963745,4,-1,-1
160,-1,863,529,203,104,0.8456902503967285,9,-1,-1
160,-1,1203,973,181,132,0.83107990026474,6,-1,-1
160,-1,2167,942,142,62,0.8065245747566223,4,-1,-1
160,-1,365,605,75,36,0.32963109016418457,4,-1,-1
177,-1,618,560,244,124,0.8910920023918152,9,-1,-1
177,-1,2220,1162,230,126,0.8582282662391663,4,-1,-1
177,-1,1657,854,125,62,0.6900041103363037,6,-1,-1
177,-1,1922,1127,239,166,0.6422519683837891,6,-1,-1
123,-1,0,461,89,73,0.7692418098449707,6,-1,-1
123,-1,1322,493,140,78,0.6574022769927979,9,-1,-1
123,-1,2055,490,61,37,0.3023621141910553,6,-1,-1
123,-1,1619,485,71,38,0.3005236089229584,4,-1,-1
29,-1,1167,562,155,82,0.7832692265510559,6,-1,-1
29,-1,197,444,112,67,0.49984192848205566,6,-1,-1
29,-1,1471,916,146,85,0.4987800121307373,4,-1,-1
29,-1,0,422,32,41,0.43800872564315796,6,-1,-1
29,-1,1471,917,147,84,0.3150680661201477,6,-1,-1
29,-1,2584,1068,64,99,0.2887468934059143,1,-1,-1
194,-1,243,543,319,150,0.9025897979736328,9,-1,-1
194,-1,2261,846,226,110,0.881934642791748,6,-1,-1
44,-1,1534,532,128,68,0.8426432609558105,6,-1,-1
44,-1,1581,854,129,64,0.8257537484169006,4,-1,-1
44,-1,2032,1046,186,94,0.8127355575561523,4,-1,-1
44,-1,331,448,98,60,0.7855046987533569,6,-1,-1
44,-1,85,414,85,43,0.7564702033996582,6,-1,-1
44,-1,175,554,58,34,0.643568217754364,4,-1,-1
44,-1,261,558,55,29,0.6374486088752747,4,-1,-1
44,-1,0,507,47,35,0.4717230200767517,4,-1,-1
217,-1,1682,764,190,101,0.8802195191383362,6,-1,-1
217,-1,1294,967,157,86,0.8751800656318665,4,-1,-1
217,-1,1616,1001,190,89,0.8673813343048096,4,-1,-1
217,-1,2573,889,146,63,0.7247424125671387,4,-1,-1
197,-1,163,552,336,153,0.9106789231300354,9,-1,-1
197,-1,2179,836,223,106,0.8549700379371643,6,-1,-1
52,-1,2345,1127,224,109,0.8614575862884521,4,-1,-1
52,-1,1820,912,153,72,0.8529905676841736,4,-1,-1
52,-1,83,417,85,44,0.7771188616752625,6,-1,-1
52,-1,320,446,107,64,0.7042717933654785,6,-1,-1
52,-1,234,573,65,36,0.6816318035125732,4,-1,-1
52,-1,1650,523,112,60,0.621340811252594,6,-1,-1
52,-1,333,578,55,29,0.6143007278442383,4,-1,-1
52,-1,2051,470,182,74,0.5961227416992188,6,-1,-1
52,-1,43,520,57,43,0.4968598484992981,5,-1,-1
52,-1,1906,453,60,52,0.4477376341819763,6,-1,-1
52,-1,43,521,56,42,0.31261956691741943,4,-1,-1
239,-1,2338,1209,240,125,0.8928325176239014,4,-1,-1
239,-1,1999,913,169,80,0.8683815002441406,4,-1,-1
239,-1,1971,806,140,56,0.8388819694519043,4,-1,-1
239,-1,2446,895,168,62,0.7693781852722168,4,-1,-1
239,-1,0,607,33,39,0.5046223402023315,4,-1,-1
239,-1,350,549,73,35,0.40544041991233826,4,-1,-1
86,-1,174,462,106,63,0.8004167079925537,6,-1,-1
86,-1,1698,472,113,66,0.7700394988059998,6,-1,-1
86,-1,134,616,77,61,0.7265939116477966,5,-1,-1
86,-1,27,523,53,32,0.6740117073059082,4,-1,-1
86,-1,2174,478,184,65,0.5877878069877625,6,-1,-1
232,-1,2390,1172,262,120,0.8831943273544312,4,-1,-1
232,-1,1938,1118,206,111,0.8555322289466858,4,-1,-1
232,-1,2151,833,151,58,0.8193723559379578,4,-1,-1
232,-1,2279,968,189,84,0.7262313365936279,4,-1,-1
232,-1,1530,432,69,30,0.3463558256626129,4,-1,-1
232,-1,2654,928,65,53,0.2901045083999634,7,-1,-1
38,-1,93,415,82,42,0.8465118408203125,6,-1,-1
38,-1,1833,995,169,87,0.8417363166809082,4,-1,-1
38,-1,1441,546,133,68,0.8367670178413391,6,-1,-1
38,-1,312,442,121,64,0.7667300701141357,6,-1,-1
38,-1,133,541,53,30,0.5631349086761475,4,-1,-1
38,-1,43,490,42,23,0.5166564583778381,4,-1,-1
38,-1,1438,827,106,52,0.45959383249282837,4,-1,-1
38,-1,298,438,136,55,0.37152400612831116,6,-1,-1
71,-1,67,411,83,46,0.8231350779533386,6,-1,-1
71,-1,2614,1096,106,97,0.8192465901374817,4,-1,-1
71,-1,309,445,102,60,0.8145194053649902,6,-1,-1
71,-1,306,527,54,32,0.6943862438201904,4,-1,-1
71,-1,167,555,63,49,0.557993471622467,4,-1,-1
71,-1,1841,454,94,57,0.5323995351791382,6,-1,-1
71,-1,2169,470,173,61,0.4595237672328949,6,-1,-1
71,-1,1876,500,87,54,0.30050817131996155,6,-1,-1
118,-1,1431,489,137,78,0.8456197381019592,9,-1,-1
118,-1,74,467,111,64,0.8187621831893921,6,-1,-1
118,-1,426,533,74,33,0.2750661075115204,4,-1,-1
51,-1,1786,905,152,71,0.8439897298812866,4,-1,-1
51,-1,2304,1115,221,112,0.8371877074241638,4,-1,-1
51,-1,1636,525,112,59,0.818812370300293,6,-1,-1
51,-1,84,417,84,44,0.7638217806816101,6,-1,-1
51,-1,319,445,108,65,0.7188361287117004,6,-1,-1
51,-1,324,575,55,30,0.6652809977531433,4,-1,-1
51,-1,227,571,60,34,0.6409741640090942,4,-1,-1
51,-1,2044,472,178,70,0.5972509980201721,6,-1,-1
51,-1,36,518,58,41,0.5199800133705139,5,-1,-1
51,-1,1908,452,59,54,0.27535441517829895,6,-1,-1
51,-1,525,570,65,36,0.2691771686077118,6,-1,-1
12,-1,573,620,195,104,0.8088971972465515,6,-1,-1
12,-1,1411,479,234,112,0.6108618378639221,6,-1,-1
12,-1,0,456,61,65,0.5561281442642212,6,-1,-1
245,-1,1832,782,135,56,0.8652363419532776,4,-1,-1
245,-1,1782,873,160,75,0.8303163647651672,4,-1,-1
245,-1,2278,869,161,60,0.812811017036438,4,-1,-1
88,-1,99,627,82,59,0.7711851596832275,4,-1,-1
88,-1,117,464,115,64,0.7411701083183289,6,-1,-1
88,-1,2145,480,168,60,0.6787843704223633,6,-1,-1
88,-1,1653,474,123,65,0.5397035479545593,6,-1,-1
88,-1,1916,503,76,49,0.31799808144569397,6,-1,-1
213,-1,1777,780,195,102,0.8787091970443726,6,-1,-1
213,-1,1453,962,178,86,0.8704779744148254,4,-1,-1
213,-1,1162,936,149,82,0.8702437281608582,4,-1,-1
213,-1,2692,909,28,41,0.2959320545196533,4,-1,-1
213,-1,0,612,46,155,0.2719041705131531,9,-1,-1
190,-1,346,530,296,141,0.8955064415931702,9,-1,-1
190,-1,2372,858,237,118,0.8743139505386353,6,-1,-1
190,-1,2656,1219,63,168,0.33572304248809814,6,-1,-1
158,-1,1135,956,178,130,0.815546452999115,6,-1,-1
158,-1,2233,953,147,67,0.8000883460044861,4,-1,-1
158,-1,888,526,201,102,0.7851448655128479,9,-1,-1
158,-1,2565,1205,155,122,0.7267525792121887,4,-1,-1
158,-1,1420,990,168,101,0.7103915214538574,4,-1,-1
158,-1,888,525,201,104,0.43817138671875,6,-1,-1
158,-1,1422,989,167,103,0.3943134546279907,6,-1,-1
4,-1,329,668,210,100,0.7530701160430908,6,-1,-1
4,-1,1323,492,258,113,0.7319881319999695,6,-1,-1
4,-1,0,456,64,66,0.6595460772514343,6,-1,-1
87,-1,1673,473,115,67,0.8090024590492249,6,-1,-1
87,-1,145,462,109,65,0.7860274314880371,6,-1,-1
87,-1,114,621,78,59,0.6666322350502014,4,-1,-1
87,-1,0,521,41,34,0.6594117879867554,4,-1,-1
87,-1,1923,504,78,48,0.4706995487213135,6,-1,-1
87,-1,2185,483,151,63,0.38656771183013916,6,-1,-1
87,-1,113,454,53,27,0.27667754888534546,4,-1,-1
90,-1,107,466,109,65,0.8058229684829712,6,-1,-1
90,-1,1633,476,110,65,0.7670860290527344,6,-1,-1
90,-1,97,635,85,54,0.7198021411895752,4,-1,-1
90,-1,2144,479,174,64,0.6300638318061829,6,-1,-1
90,-1,1917,505,83,47,0.5955580472946167,6,-1,-1
32,-1,1289,558,145,72,0.8248206377029419,6,-1,-1
32,-1,1611,945,155,80,0.8031497597694397,4,-1,-1
32,-1,277,447,104,61,0.7958958745002747,6,-1,-1
32,-1,27,535,53,28,0.7496305108070374,4,-1,-1
32,-1,116,538,48,26,0.7443616986274719,4,-1,-1
32,-1,34,413,79,44,0.6967975497245789,6,-1,-1
32,-1,14,498,49,23,0.5861634016036987,4,-1,-1
167,-1,1757,1073,192,110,0.878791332244873,4,-1,-1
167,-1,773,542,220,110,0.8777469396591187,9,-1,-1
167,-1,1946,910,134,61,0.8267192840576172,4,-1,-1
167,-1,1462,1032,204,142,0.8049066066741943,6,-1,-1
8,-1,419,641,239,111,0.8283640146255493,6,-1,-1
8,-1,1370,484,243,112,0.821882426738739,6,-1,-1
8,-1,0,456,63,65,0.6982324123382568,6,-1,-1
8,-1,1572,437,73,42,0.33972859382629395,5,-1,-1
236,-1,2156,1168,224,121,0.874121904373169,4,-1,-1
236,-1,2048,819,141,53,0.8500286340713501,4,-1,-1
236,-1,2112,937,179,79,0.8496905565261841,4,-1,-1
236,-1,2532,907,173,61,0.8024314641952515,4,-1,-1
236,-1,2652,1228,67,98,0.5374845266342163,7,-1,-1
236,-1,350,549,71,35,0.26710665225982666,4,-1,-1
166,-1,1715,1062,189,110,0.8824452757835388,4,-1,-1
166,-1,784,541,219,110,0.8759432435035706,9,-1,-1
166,-1,1976,914,137,62,0.8423460721969604,4,-1,-1
166,-1,1420,1023,204,144,0.8011996746063232,6,-1,-1
