237,-1,2216,1184,228,122,0.8370869159698486,4,-1,-1
237,-1,6,455,2034,812,0.6498586535453796,11,-1,-1
237,-1,2073,931,179,79,0.6456247568130493,4,-1,-1
237,-1,2502,905,171,55,0.4953566789627075,4,-1,-1
237,-1,2020,816,139,55,0.45366889238357544,4,-1,-1
196,-1,193,547,327,156,0.9077109694480896,9,-1,-1
196,-1,4,443,2036,834,0.518592357635498,6,-1,-1
196,-1,21,488,2026,789,0.3023449182510376,11,-1,-1
60,-1,2110,979,173,80,0.8165794610977173,4,-1,-1
60,-1,100,536,59,43,0.677480936050415,4,-1,-1
60,-1,320,446,102,63,0.6506019234657288,6,-1,-1
60,-1,4,496,2340,687,0.6452111601829529,11,-1,-1
60,-1,1745,509,108,61,0.5733417868614197,6,-1,-1
60,-1,1884,454,65,55,0.47349435091018677,6,-1,-1
60,-1,298,589,65,33,0.40320995450019836,4,-1,-1
60,-1,2212,477,63,56,0.3211686313152313,6,-1,-1
60,-1,435,552,43,31,0.2863122522830963,4,-1,-1
60,-1,79,417,82,44,0.2748509645462036,6,-1,-1
92,-1,6,502,2223,774,0.7000969052314758,11,-1,-1
92,-1,102,461,113,70,0.5438966155052185,6,-1,-1
92,-1,1622,478,107,67,0.43869853019714355,6,-1,-1
92,-1,118,641,80,45,0.35532933473587036,4,-1,-1
180,-1,562,560,258,126,0.8338606357574463,9,-1,-1
180,-1,2380,1190,239,129,0.7316585183143616,4,-1,-1
180,-1,2075,1151,248,183,0.7280223369598389,6,-1,-1
180,-1,10,512,2057,812,0.5187137722969055,11,-1,-1
180,-1,2673,954,46,86,0.43212470412254333,4,-1,-1
20,-1,1,516,2000,651,0.7856518030166626,11,-1,-1
20,-1,789,595,187,83,0.4441460967063904,6,-1,-1
20,-1,0,455,79,62,0.3641042709350586,6,-1,-1
20,-1,1495,474,226,114,0.3422316312789917,6,-1,-1
151,-1,2182,1129,205,98,0.754132091999054,4,-1,-1
151,-1,2482,988,157,69,0.7276994585990906,4,-1,-1
151,-1,971,519,186,96,0.6440557241439819,9,-1,-1
151,-1,1,500,2122,819,0.43955540657043457,6,-1,-1
249,-1,7,471,2026,809,0.7347686290740967,11,-1,-1
249,-1,2171,859,154,56,0.4172014594078064,4,-1,-1
249,-1,1646,850,154,72,0.3119663894176483,4,-1,-1
249,-1,1742,769,129,54,0.28453773260116577,4,-1,-1
17,-1,2,521,1997,649,0.7994964718818665,11,-1,-1
17,-1,0,457,58,62,0.4666685461997986,6,-1,-1
17,-1,691,609,198,86,0.3293319046497345,6,-1,-1
17,-1,1444,441,239,147,0.2720581591129303,11,-1,-1
62,-1,2190,997,179,80,0.8472514748573303,4,-1,-1
62,-1,5,512,2348,661,0.6623299717903137,11,-1,-1
62,-1,320,448,100,61,0.6060062646865845,6,-1,-1
62,-1,1777,512,95,56,0.5609698295593262,6,-1,-1
62,-1,112,539,58,48,0.5538114309310913,4,-1,-1
62,-1,1877,455,72,56,0.2559639513492584,6,-1,-1
62,-1,1858,454,82,57,0.25448039174079895,6,-1,-1
251,-1,4,461,2039,803,0.7920234799385071,11,-1,-1
251,-1,2122,853,147,53,0.42635682225227356,4,-1,-1
66,-1,2362,1034,200,92,0.8184980154037476,4,-1,-1
66,-1,315,444,103,62,0.6560811996459961,6,-1,-1
66,-1,7,507,2320,658,0.6259326338768005,11,-1,-1
66,-1,138,542,62,49,0.5534756183624268,4,-1,-1
66,-1,363,537,49,28,0.33438563346862793,4,-1,-1
66,-1,1864,451,83,59,0.2947007715702057,6,-1,-1
66,-1,1856,452,83,80,0.26905035972595215,6,-1,-1
2,-1,4,529,2000,658,0.8188760280609131,11,-1,-1
2,-1,196,683,277,101,0.5329416990280151,6,-1,-1
2,-1,1273,493,294,139,0.5105395913124084,11,-1,-1
2,-1,0,458,65,62,0.30642205476760864,6,-1,-1
179,-1,583,563,250,125,0.8605126738548279,9,-1,-1
179,-1,2026,1146,243,178,0.7016981244087219,6,-1,-1
179,-1,2330,1186,231,125,0.5469711422920227,4,-1,-1
179,-1,8,521,2072,812,0.4489424526691437,11,-1,-1
157,-1,899,526,199,101,0.8540927171707153,9,-1,-1
157,-1,1,523,2047,796,0.6038861870765686,11,-1,-1
157,-1,1106,953,171,118,0.5783063173294067,4,-1,-1
157,-1,1391,981,162,100,0.4979521930217743,4,-1,-1
157,-1,2509,1201,211,103,0.34284308552742004,4,-1,-1
157,-1,2267,959,144,59,0.300424188375473,4,-1,-1
103,-1,93,467,109,63,0.6295446157455444,6,-1,-1
103,-1,7,516,2228,786,0.4710020124912262,11,-1,-1
103,-1,1550,483,128,69,0.4594631493091583,6,-1,-1
169,-1,742,546,222,110,0.8249286413192749,9,-1,-1
169,-1,1549,1054,204,146,0.6776873469352722,6,-1,-1
169,-1,1840,1090,197,113,0.6367588639259338,4,-1,-1
169,-1,9,543,2069,781,0.5267592668533325,11,-1,-1
169,-1,1886,900,130,60,0.5204806327819824,4,-1,-1
174,-1,668,555,234,120,0.8614569902420044,9,-1,-1
174,-1,2071,1135,216,123,0.6859900951385498,4,-1,-1
174,-1,4,525,2052,824,0.5484477281570435,11,-1,-1
174,-1,1776,1099,225,164,0.4796448051929474,6,-1,-1
174,-1,1744,881,121,50,0.42061448097229004,4,-1,-1
242,-1,8,477,2017,801,0.7391718626022339,11,-1,-1
242,-1,1887,896,163,73,0.7230249643325806,4,-1,-1
242,-1,2532,1254,186,117,0.6289964914321899,4,-1,-1
242,-1,1899,796,136,52,0.5318673849105835,4,-1,-1
242,-1,2361,886,163,53,0.44990479946136475,4,-1,-1
3,-1,3,525,2019,662,0.8059512376785278,11,-1,-1
3,-1,1286,494,288,133,0.7038523554801941,11,-1,-1
3,-1,236,675,274,108,0.45772585272789,6,-1,-1
3,-1,0,457,64,63,0.3276733458042145,6,-1,-1
3,-1,1541,435,92,58,0.3119092881679535,6,-1,-1
165,-1,1675,1056,183,102,0.7922140955924988,4,-1,-1
165,-1,799,539,215,108,0.6859091520309448,9,-1,-1
165,-1,2008,923,136,60,0.5547844767570496,4,-1,-1
165,-1,6,517,2090,821,0.5308308005332947,11,-1,-1
165,-1,1388,1018,189,143,0.5123818516731262,6,-1,-1
220,-1,1748,1030,203,94,0.8313239216804504,4,-1,-1
220,-1,1404,994,166,88,0.7643014788627625,4,-1,-1
220,-1,4,469,2045,796,0.5230786800384521,6,-1,-1
220,-1,2488,884,166,56,0.3522818684577942,4,-1,-1
220,-1,1615,755,189,95,0.29857006669044495,6,-1,-1
220,-1,2,490,2061,784,0.2887835204601288,11,-1,-1
205,-1,0,576,297,171,0.901155412197113,9,-1,-1
205,-1,1972,806,207,109,0.5313297510147095,6,-1,-1
205,-1,0,468,2068,810,0.34038689732551575,6,-1,-1
222,-1,1841,1053,212,99,0.8367898464202881,4,-1,-1
222,-1,1482,1012,168,93,0.7803774476051331,4,-1,-1
222,-1,8,479,2055,799,0.6870436072349548,11,-1,-1
222,-1,1573,749,181,90,0.5120816826820374,6,-1,-1
222,-1,2430,874,163,56,0.46616390347480774,4,-1,-1
250,-1,7,475,2028,800,0.7909803986549377,11,-1,-1
250,-1,2146,857,149,56,0.2606812119483948,4,-1,-1
111,-1,1493,486,125,72,0.5069172978401184,6,-1,-1
111,-1,87,463,111,68,0.4926648437976837,6,-1,-1
111,-1,4,525,2256,771,0.4736434519290924,11,-1,-1
111,-1,2,501,2255,806,0.4232778251171112,6,-1,-1
77,-1,298,448,103,61,0.6632089614868164,6,-1,-1
77,-1,1828,459,90,60,0.6510363817214966,6,-1,-1
77,-1,1,509,2370,735,0.6396450400352478,11,-1,-1
77,-1,195,570,73,51,0.6126822829246521,4,-1,-1
77,-1,237,522,54,29,0.446643203496933,4,-1,-1
77,-1,2320,481,64,52,0.4345606863498688,6,-1,-1
77,-1,1941,498,81,52,0.3414302170276642,6,-1,-1
77,-1,57,414,83,43,0.2818320095539093,6,-1,-1
77,-1,2455,436,42,78,0.2668812870979309,6,-1,-1
181,-1,542,552,261,128,0.8756227493286133,9,-1,-1
181,-1,2126,1154,254,187,0.7402482628822327,6,-1,-1
181,-1,2433,1190,246,138,0.6182563304901123,4,-1,-1
181,-1,8,495,2109,820,0.5347703099250793,11,-1,-1
181,-1,2642,931,76,88,0.4824729263782501,4,-1,-1
209,-1,0,594,182,148,0.8481684327125549,9,-1,-1
209,-1,1309,930,162,81,0.7590436935424805,4,-1,-1
209,-1,1036,908,144,78,0.6661365032196045,4,-1,-1
209,-1,1876,789,201,106,0.5315325856208801,6,-1,-1
183,-1,503,534,266,132,0.8464404344558716,9,-1,-1
183,-1,2234,1158,263,189,0.7754797339439392,6,-1,-1
183,-1,2581,901,138,103,0.5740599036216736,6,-1,-1
183,-1,2543,1194,176,132,0.5630037188529968,6,-1,-1
183,-1,1,486,2077,822,0.3099345862865448,11,-1,-1
183,-1,5,495,2066,782,0.25521183013916016,6,-1,-1
41,-1,1,481,2339,731,0.6783789992332458,11,-1,-1
41,-1,1501,838,126,60,0.6732795834541321,4,-1,-1
41,-1,1930,1022,178,89,0.612554132938385,4,-1,-1
41,-1,330,448,100,59,0.5657966732978821,6,-1,-1
41,-1,152,546,58,37,0.4762304127216339,4,-1,-1
41,-1,1493,545,124,62,0.43216121196746826,6,-1,-1
41,-1,245,553,48,28,0.33401045203208923,4,-1,-1
41,-1,1926,449,51,53,0.2994505763053894,6,-1,-1
41,-1,85,415,88,43,0.28879037499427795,6,-1,-1
41,-1,1983,478,185,68,0.28559333086013794,6,-1,-1
41,-1,0,501,31,37,0.2835804224014282,4,-1,-1
100,-1,1571,482,123,69,0.6108219027519226,6,-1,-1
100,-1,0,524,2227,752,0.3618272840976715,11,-1,-1
100,-1,93,451,111,80,0.3309277594089508,6,-1,-1
100,-1,3,505,2228,786,0.2913067936897278,6,-1,-1
84,-1,4,497,2399,755,0.669058084487915,11,-1,-1
84,-1,1749,464,102,61,0.6099210977554321,6,-1,-1
84,-1,174,595,74,61,0.6013011336326599,4,-1,-1
84,-1,232,449,103,66,0.5655291080474854,6,-1,-1
84,-1,2209,475,58,62,0.414821982383728,6,-1,-1
84,-1,1956,502,88,46,0.293403685092926,6,-1,-1
171,-1,713,552,225,112,0.8923938274383545,9,-1,-1
171,-1,1927,1109,204,112,0.775147557258606,4,-1,-1
171,-1,1636,1070,212,153,0.63103848695755,6,-1,-1
171,-1,1,531,2080,806,0.42981401085853577,11,-1,-1
171,-1,1827,892,126,55,0.34306398034095764,4,-1,-1
55,-1,1923,937,161,73,0.706322193145752,4,-1,-1
55,-1,63,525,59,45,0.6887332201004028,4,-1,-1
55,-1,2,505,2306,720,0.629439651966095,11,-1,-1
55,-1,328,448,96,62,0.5850772857666016,6,-1,-1
55,-1,1896,452,68,59,0.5712946057319641,6,-1,-1
55,-1,1690,518,109,60,0.45951780676841736,6,-1,-1
55,-1,2066,473,182,67,0.41656461358070374,6,-1,-1
55,-1,262,578,56,34,0.37517112493515015,4,-1,-1
55,-1,82,416,81,46,0.32362261414527893,6,-1,-1
153,-1,2284,1155,213,99,0.7681722044944763,4,-1,-1
153,-1,951,522,185,96,0.720411479473114,9,-1,-1
153,-1,2407,978,154,67,0.6748540997505188,4,-1,-1
153,-1,983,925,165,119,0.5074970126152039,6,-1,-1
153,-1,7,528,2051,791,0.387439101934433,11,-1,-1
153,-1,0,509,2072,820,0.3211767375469208,6,-1,-1
80,-1,290,449,104,60,0.6436036825180054,6,-1,-1
80,-1,209,577,67,53,0.6003599762916565,4,-1,-1
80,-1,3,499,2384,753,0.5184290409088135,11,-1,-1
80,-1,1813,460,93,62,0.516218900680542,6,-1,-1
80,-1,2223,477,69,59,0.37499165534973145,6,-1,-1
80,-1,208,513,49,35,0.36752209067344666,4,-1,-1
80,-1,48,414,82,44,0.2747593820095062,6,-1,-1
80,-1,1959,500,86,47,0.25935566425323486,6,-1,-1
27,-1,1094,569,156,79,0.6967344880104065,6,-1,-1
27,-1,5,503,2183,663,0.6603619456291199,11,-1,-1
27,-1,1387,910,138,71,0.6411556005477905,4,-1,-1
27,-1,150,448,106,63,0.5524557828903198,6,-1,-1
27,-1,1691,481,224,95,0.5506590604782104,6,-1,-1
140,-1,1132,508,163,85,0.7603520154953003,9,-1,-1
140,-1,3,511,2104,800,0.6841070055961609,11,-1,-1
140,-1,1724,1028,173,82,0.6332587599754333,4,-1,-1
140,-1,0,476,51,58,0.49130192399024963,6,-1,-1
140,-1,1133,508,164,86,0.4442056715488434,6,-1,-1
191,-1,327,534,297,143,0.9003909826278687,9,-1,-1
191,-1,10,478,2043,801,0.45269516110420227,11,-1,-1
115,-1,4,497,2256,811,0.5090078711509705,6,-1,-1
115,-1,1461,487,131,76,0.4002804160118103,6,-1,-1
115,-1,1461,487,130,77,0.3447400629520416,9,-1,-1
115,-1,85,464,107,66,0.286443829536438,9,-1,-1
115,-1,84,465,108,65,0.28210964798927307,6,-1,-1
115,-1,11,516,2240,727,0.26724714040756226,11,-1,-1
76,-1,194,567,64,52,0.6394243240356445,4,-1,-1
76,-1,2,497,2365,751,0.6194980144500732,11,-1,-1
76,-1,301,448,102,60,0.5895077586174011,6,-1,-1
76,-1,1829,458,90,58,0.5131124258041382,6,-1,-1
76,-1,2312,480,65,51,0.4090432822704315,6,-1,-1
76,-1,2204,472,60,59,0.3632102608680725,6,-1,-1
186,-1,442,521,278,137,0.8739652633666992,9,-1,-1
186,-1,2409,1174,276,198,0.641998827457428,6,-1,-1
186,-1,3,465,2065,817,0.46086937189102173,6,-1,-1
186,-1,0,477,2093,808,0.3501698076725006,11,-1,-1
193,-1,272,537,315,150,0.8834770917892456,9,-1,-1
193,-1,4,457,2042,821,0.3477512300014496,6,-1,-1
193,-1,11,478,2035,804,0.30387046933174133,11,-1,-1
108,-1,91,469,109,63,0.5997095108032227,6,-1,-1
108,-1,1516,486,122,70,0.5354533195495605,6,-1,-1
108,-1,0,532,2239,764,0.5112254619598389,11,-1,-1
25,-1,8,523,2147,654,0.6559791564941406,11,-1,-1
25,-1,1004,576,163,76,0.6225102543830872,6,-1,-1
25,-1,96,452,108,62,0.5982024073600769,6,-1,-1
25,-1,1640,439,216,134,0.5467253923416138,6,-1,-1
25,-1,1296,894,135,73,0.5216644406318665,4,-1,-1
13,-1,5,518,2001,658,0.7965494394302368,11,-1,-1
13,-1,576,620,218,96,0.6584514379501343,6,-1,-1
13,-1,1396,485,257,116,0.46450114250183105,6,-1,-1
13,-1,0,457,60,63,0.4524860382080078,6,-1,-1
13,-1,1584,435,79,55,0.3399515151977539,6,-1,-1
36,-1,4,506,2323,708,0.6132080554962158,11,-1,-1
36,-1,333,447,101,60,0.5938321948051453,6,-1,-1
36,-1,1769,981,167,81,0.5836778283119202,4,-1,-1
36,-1,116,537,54,32,0.4970741868019104,4,-1,-1
36,-1,56,489,41,26,0.46984854340553284,4,-1,-1
36,-1,1377,808,113,58,0.31122463941574097,4,-1,-1
36,-1,1439,551,102,70,0.30015528202056885,6,-1,-1
36,-1,204,541,53,30,0.27247709035873413,4,-1,-1
129,-1,7,533,2155,784,0.6848692297935486,11,-1,-1
129,-1,1264,497,146,85,0.5418589115142822,6,-1,-1
129,-1,0,472,82,65,0.37720006704330444,9,-1,-1
129,-1,1265,499,144,80,0.2949053943157196,9,-1,-1
229,-1,1789,1086,193,103,0.856208324432373,4,-1,-1
229,-1,2209,1134,240,113,0.8127627968788147,4,-1,-1
229,-1,2413,995,198,82,0.6634860634803772,4,-1,-1
229,-1,3,466,2062,810,0.6607064008712769,11,-1,-1
229,-1,2234,849,147,54,0.651912271976471,4,-1,-1
229,-1,654,492,19,53,0.2875922918319702,1,-1,-1
40,-1,7,479,2356,683,0.6742662787437439,11,-1,-1
40,-1,1897,1014,174,84,0.5949215292930603,4,-1,-1
40,-1,331,447,101,60,0.5889535546302795,6,-1,-1
40,-1,1472,830,122,62,0.5854293704032898,4,-1,-1
40,-1,1474,544,131,66,0.5537219047546387,6,-1,-1
40,-1,0,500,25,35,0.43084269762039185,4,-1,-1
97,-1,98,465,111,65,0.6635056734085083,6,-1,-1
97,-1,1589,480,116,66,0.5850527286529541,6,-1,-1
97,-1,0,534,2225,746,0.5384419560432434,11,-1,-1
216,-1,1259,960,153,85,0.8283470273017883,4,-1,-1
216,-1,3,476,2082,795,0.7829491496086121,11,-1,-1
216,-1,1571,993,195,86,0.7614170908927917,4,-1,-1
216,-1,1703,769,194,94,0.39625224471092224,6,-1,-1
142,-1,1796,1043,174,83,0.6846407651901245,4,-1,-1
142,-1,5,514,2088,793,0.6654682755470276,11,-1,-1
142,-1,1099,510,165,86,0.5845831632614136,9,-1,-1
142,-1,0,478,31,57,0.38047927618026733,6,-1,-1
142,-1,1098,511,167,86,0.3800538182258606,6,-1,-1
91,-1,3,500,2259,778,0.5957925319671631,11,-1,-1
91,-1,112,639,79,49,0.4379218816757202,4,-1,-1
91,-1,103,460,112,70,0.40527769923210144,6,-1,-1
91,-1,1629,478,105,66,0.3706951141357422,6,-1,-1
91,-1,94,427,121,103,0.33449941873550415,6,-1,-1
63,-1,2233,1006,183,78,0.8284518122673035,4,-1,-1
63,-1,319,448,100,60,0.7339038848876953,6,-1,-1
63,-1,1877,453,72,57,0.5523583889007568,6,-1,-1
63,-1,119,540,61,47,0.5474066138267517,4,-1,-1
63,-1,2,514,2361,711,0.530385434627533,11,-1,-1
63,-1,1789,508,92,52,0.45903703570365906,6,-1,-1
63,-1,2120,470,171,69,0.37626317143440247,6,-1,-1
63,-1,321,594,60,37,0.3089231252670288,4,-1,-1
63,-1,394,541,54,32,0.25083842873573303,4,-1,-1
211,-1,1097,922,147,79,0.7603212594985962,4,-1,-1
211,-1,1375,946,172,83,0.6855287551879883,4,-1,-1
211,-1,0,601,113,147,0.6761573553085327,9,-1,-1
211,-1,1824,784,196,102,0.5418205857276917,6,-1,-1
211,-1,2,467,2085,805,0.46240144968032837,6,-1,-1
70,-1,3,493,2322,745,0.6329118609428406,11,-1,-1
70,-1,2562,1085,157,82,0.5872368812561035,4,-1,-1
70,-1,1843,451,116,101,0.5398217439651489,6,-1,-1
70,-1,162,552,61,48,0.5033134818077087,4,-1,-1
70,-1,310,443,104,64,0.49548256397247314,6,-1,-1
70,-1,67,413,86,43,0.4571738541126251,6,-1,-1
70,-1,163,551,60,50,0.3367364704608917,6,-1,-1
199,-1,107,554,347,163,0.8845553398132324,9,-1,-1
199,-1,10,476,2037,807,0.42895227670669556,11,-1,-1
199,-1,4,446,2060,830,0.27550017833709717,6,-1,-1
155,-1,2394,1174,224,105,0.7723281383514404,4,-1,-1
155,-1,2,517,2073,808,0.6775067448616028,11,-1,-1
155,-1,928,525,188,97,0.6724997758865356,9,-1,-1
155,-1,1043,937,165,118,0.5516272783279419,6,-1,-1
155,-1,1042,938,167,115,0.49764466285705566,4,-1,-1
155,-1,1327,972,157,93,0.49273398518562317,4,-1,-1
155,-1,2336,971,148,58,0.4315914511680603,4,-1,-1
155,-1,1327,974,159,91,0.2867097854614258,6,-1,-1
243,-1,9,478,2018,801,0.6642800569534302,11,-1,-1
243,-1,2603,1269,116,104,0.653907299041748,4,-1,-1
243,-1,1850,888,164,74,0.5171520113945007,4,-1,-1
243,-1,1876,794,137,53,0.509742021560669,4,-1,-1
243,-1,2333,881,161,54,0.508901834487915,4,-1,-1
187,-1,421,519,281,142,0.8747516870498657,9,-1,-1
187,-1,2466,1187,252,199,0.7595844864845276,6,-1,-1
187,-1,3,466,2089,819,0.3883475363254547,6,-1,-1
187,-1,0,468,2087,810,0.30255115032196045,11,-1,-1
81,-1,0,505,2361,743,0.6557266712188721,11,-1,-1
81,-1,1804,462,94,63,0.5600898265838623,6,-1,-1
81,-1,286,448,103,62,0.5458529591560364,6,-1,-1
81,-1,209,582,67,51,0.5065165758132935,4,-1,-1
81,-1,2232,477,60,59,0.4215458035469055,6,-1,-1
81,-1,1969,499,88,47,0.32253098487854004,6,-1,-1
81,-1,2341,478,66,66,0.3191905915737152,6,-1,-1
15,-1,11,529,2013,610,0.7686207890510559,11,-1,-1
15,-1,637,614,208,94,0.5854939818382263,6,-1,-1
15,-1,0,457,58,63,0.5041548013687134,6,-1,-1
15,-1,1424,481,247,113,0.3431697487831116,11,-1,-1
21,-1,7,513,2020,657,0.7736669182777405,11,-1,-1
21,-1,828,590,184,82,0.4451778531074524,6,-1,-1
21,-1,1522,461,226,119,0.33576464653015137,6,-1,-1
21,-1,0,452,98,64,0.2937418818473816,6,-1,-1
14,-1,3,511,2029,657,0.7781765460968018,11,-1,-1
14,-1,606,620,214,91,0.6285777688026428,6,-1,-1
14,-1,0,458,58,62,0.495186984539032,6,-1,-1
14,-1,1420,484,242,109,0.33626145124435425,11,-1,-1
14,-1,303,444,34,107,0.3177364766597748,1,-1,-1
264,-1,4,469,2069,805,0.8436403870582581,11,-1,-1
120,-1,5,524,2180,783,0.589510977268219,11,-1,-1
120,-1,41,467,112,64,0.5785548686981201,6,-1,-1
120,-1,1393,491,134,76,0.4937673807144165,6,-1,-1
120,-1,1392,491,134,76,0.2962329685688019,9,-1,-1
170,-1,727,550,228,111,0.8343143463134766,9,-1,-1
170,-1,1887,1100,196,109,0.8232643008232117,4,-1,-1
170,-1,1590,1062,210,153,0.7616080641746521,6,-1,-1
170,-1,1857,896,128,58,0.6431472301483154,4,-1,-1
170,-1,9,520,2108,814,0.3605334460735321,11,-1,-1
161,-1,853,530,204,106,0.852442741394043,9,-1,-1
161,-1,1528,1024,170,99,0.7393646836280823,4,-1,-1
161,-1,1241,983,180,127,0.6338762640953064,4,-1,-1
161,-1,2136,941,139,63,0.5321352481842041,4,-1,-1
161,-1,7,538,2052,788,0.3934933543205261,11,-1,-1
256,-1,4,454,2053,810,0.7093350291252136,11,-1,-1
256,-1,1431,815,141,64,0.3916704058647156,4,-1,-1
105,-1,92,465,109,68,0.5383146405220032,6,-1,-1
105,-1,1,523,2235,766,0.47922810912132263,11,-1,-1
105,-1,1537,483,123,70,0.4551226794719696,6,-1,-1
105,-1,4,505,2230,797,0.45078152418136597,6,-1,-1
105,-1,1538,482,168,73,0.2763349115848541,6,-1,-1
198,-1,136,553,341,158,0.8951786160469055,9,-1,-1
198,-1,13,479,2036,802,0.4151748716831207,11,-1,-1
230,-1,1837,1097,195,103,0.8339104652404785,4,-1,-1
230,-1,2270,1148,246,112,0.7921133041381836,4,-1,-1
230,-1,2206,844,147,55,0.7621845602989197,4,-1,-1
230,-1,2364,985,198,84,0.745941162109375,4,-1,-1
230,-1,4,469,2066,805,0.6464575529098511,11,-1,-1
230,-1,653,492,20,54,0.2878570556640625,1,-1,-1
136,-1,6,523,2171,788,0.6714144349098206,11,-1,-1
136,-1,0,473,78,63,0.5493091940879822,6,-1,-1
136,-1,1193,504,160,85,0.5306198596954346,9,-1,-1
255,-1,6,452,2127,822,0.7390064001083374,11,-1,-1
67,-1,2410,1045,200,92,0.8012729287147522,4,-1,-1
67,-1,1830,452,109,100,0.5958782434463501,6,-1,-1
67,-1,6,510,2333,683,0.5813425779342651,11,-1,-1
67,-1,313,445,105,59,0.5549517273902893,6,-1,-1
67,-1,143,545,63,48,0.553359866142273,4,-1,-1
67,-1,2254,475,59,52,0.4020926356315613,6,-1,-1
67,-1,2143,466,67,62,0.3103107511997223,6,-1,-1
150,-1,2133,1119,197,97,0.791213870048523,4,-1,-1
150,-1,2519,988,158,72,0.698288083076477,4,-1,-1
150,-1,983,517,181,94,0.5377511978149414,9,-1,-1
150,-1,1,499,2112,818,0.4903848171234131,6,-1,-1
150,-1,983,517,181,95,0.48407381772994995,6,-1,-1
150,-1,8,505,2105,804,0.3783641755580902,11,-1,-1
144,-1,1062,509,174,91,0.6929720044136047,6,-1,-1
144,-1,4,500,2096,806,0.6665501594543457,11,-1,-1
144,-1,1868,1058,178,83,0.6091711521148682,4,-1,-1
82,-1,1794,461,95,64,0.6564784646034241,6,-1,-1
82,-1,2,500,2368,743,0.5474411249160767,11,-1,-1
82,-1,274,449,106,61,0.5449206233024597,6,-1,-1
82,-1,2233,476,60,61,0.529853105545044,6,-1,-1
82,-1,208,587,69,52,0.5258594155311584,4,-1,-1
82,-1,2340,478,71,63,0.48146334290504456,6,-1,-1
82,-1,1970,503,87,46,0.33489716053009033,6,-1,-1
82,-1,169,516,49,31,0.2944524586200714,4,-1,-1
192,-1,301,535,305,146,0.903164803981781,9,-1,-1
192,-1,4,466,2054,811,0.3239003121852875,6,-1,-1
192,-1,8,494,2037,779,0.2873936593532562,11,-1,-1
58,-1,2034,962,165,76,0.7665857076644897,4,-1,-1
58,-1,322,447,99,63,0.6872023344039917,6,-1,-1
58,-1,82,532,61,45,0.609649658203125,4,-1,-1
58,-1,279,583,62,35,0.5358470678329468,4,-1,-1
58,-1,1733,514,100,59,0.5212681889533997,6,-1,-1
58,-1,2,519,2357,726,0.5024938583374023,11,-1,-1
58,-1,1893,454,67,55,0.47738146781921387,6,-1,-1
58,-1,77,418,85,43,0.38774240016937256,6,-1,-1
6,-1,1,513,1991,663,0.7905513048171997,11,-1,-1
6,-1,352,657,248,104,0.6681680679321289,6,-1,-1
6,-1,0,457,63,63,0.45518115162849426,6,-1,-1
6,-1,1318,489,282,125,0.42750808596611023,6,-1,-1
204,-1,0,572,324,170,0.9176754355430603,9,-1,-1
204,-1,2,465,2080,812,0.36843499541282654,6,-1,-1
204,-1,1999,810,209,109,0.35976889729499817,6,-1,-1
49,-1,0,520,2302,709,0.75979083776474,11,-1,-1
49,-1,1902,452,67,58,0.6138680577278137,6,-1,-1
49,-1,1723,890,145,68,0.5962387323379517,4,-1,-1
49,-1,328,448,101,60,0.5762844085693359,6,-1,-1
49,-1,24,517,56,40,0.44043824076652527,6,-1,-1
49,-1,306,573,56,30,0.4317077398300171,4,-1,-1
49,-1,213,564,56,37,0.4192522168159485,4,-1,-1
49,-1,1608,528,116,63,0.33997613191604614,6,-1,-1
49,-1,28,517,54,40,0.3053497076034546,4,-1,-1
49,-1,2030,473,188,76,0.296919584274292,6,-1,-1
49,-1,2221,1099,210,102,0.2948635518550873,4,-1,-1
104,-1,93,466,109,66,0.6043336987495422,6,-1,-1
104,-1,1544,483,134,69,0.49217933416366577,6,-1,-1
104,-1,4,504,2215,801,0.4474211633205414,6,-1,-1
104,-1,2,521,2236,770,0.4147014021873474,11,-1,-1
258,-1,4,459,2058,816,0.8415778279304504,11,-1,-1
258,-1,1946,838,144,56,0.4051310420036316,4,-1,-1
258,-1,1377,815,133,63,0.25396308302879333,4,-1,-1
227,-1,2100,1108,229,113,0.8374512791633606,4,-1,-1
227,-1,1693,1064,189,100,0.830517590045929,4,-1,-1
227,-1,2499,1009,210,87,0.699110209941864,4,-1,-1
227,-1,8,474,2050,804,0.6794516444206238,11,-1,-1
227,-1,2288,855,153,56,0.587273120880127,4,-1,-1
227,-1,1471,738,170,84,0.331472784280777,6,-1,-1
227,-1,655,492,18,52,0.31424883008003235,1,-1,-1
56,-1,1960,945,162,72,0.7263217568397522,4,-1,-1
56,-1,326,448,98,62,0.6347340941429138,6,-1,-1
56,-1,1896,452,69,58,0.5926564931869507,6,-1,-1
56,-1,1700,515,107,61,0.5868313312530518,6,-1,-1
56,-1,2,517,2320,718,0.5845588445663452,11,-1,-1
56,-1,71,528,58,44,0.49768689274787903,4,-1,-1
56,-1,271,576,60,39,0.44882991909980774,4,-1,-1
56,-1,82,416,81,46,0.40782228112220764,6,-1,-1
162,-1,841,534,206,106,0.7914186716079712,9,-1,-1
162,-1,1563,1034,179,95,0.7145070433616638,4,-1,-1
162,-1,1278,994,181,127,0.5933605432510376,6,-1,-1
162,-1,1,528,2060,804,0.5689975619316101,11,-1,-1
162,-1,2104,935,140,62,0.250164270401001,4,-1,-1
127,-1,7,518,2162,792,0.5988034605979919,11,-1,-1
127,-1,1282,495,143,83,0.4857628643512726,6,-1,-1
127,-1,0,471,83,65,0.39421960711479187,9,-1,-1
127,-1,1283,497,142,82,0.3574637174606323,9,-1,-1
122,-1,4,517,2175,764,0.6160555481910706,11,-1,-1
122,-1,0,444,99,90,0.545956015586853,6,-1,-1
122,-1,1340,492,136,77,0.448030024766922,9,-1,-1
122,-1,1339,493,139,73,0.2603457570075989,6,-1,-1
163,-1,1598,1041,180,99,0.7503012418746948,4,-1,-1
163,-1,826,537,211,105,0.6494068503379822,6,-1,-1
163,-1,8,537,2076,793,0.5892718434333801,11,-1,-1
163,-1,1309,999,192,134,0.4766564965248108,6,-1,-1
163,-1,1309,999,192,133,0.4350493252277374,4,-1,-1
163,-1,2072,932,135,63,0.3118104338645935,4,-1,-1
59,-1,2072,973,168,74,0.7720135450363159,4,-1,-1
59,-1,322,447,100,62,0.6876807808876038,6,-1,-1
59,-1,92,534,57,43,0.635967493057251,4,-1,-1
59,-1,1741,514,102,58,0.5908352732658386,6,-1,-1
59,-1,3,501,2346,680,0.5603221654891968,11,-1,-1
59,-1,79,419,83,43,0.38757964968681335,6,-1,-1
59,-1,432,554,59,31,0.3441390097141266,4,-1,-1
59,-1,1885,455,75,54,0.32582715153694153,6,-1,-1
59,-1,2096,472,174,67,0.28058943152427673,6,-1,-1
221,-1,1796,1042,204,97,0.8571255207061768,4,-1,-1
221,-1,1443,1004,166,92,0.7755289077758789,4,-1,-1
221,-1,8,479,2043,797,0.6331152319908142,11,-1,-1
221,-1,2458,879,165,55,0.40860119462013245,4,-1,-1
221,-1,1592,754,186,92,0.3730037808418274,6,-1,-1
200,-1,74,561,358,162,0.8931218981742859,9,-1,-1
200,-1,2102,822,216,116,0.47646117210388184,6,-1,-1
200,-1,7,488,2039,787,0.3525830805301666,11,-1,-1
116,-1,7,517,2231,786,0.4671862721443176,11,-1,-1
116,-1,85,467,107,64,0.3770853579044342,6,-1,-1
116,-1,1451,489,132,74,0.35803425312042236,6,-1,-1
116,-1,1453,488,132,73,0.3309503495693207,9,-1,-1
253,-1,7,470,2022,802,0.7594656944274902,11,-1,-1
253,-1,2069,849,147,53,0.4605812728404999,4,-1,-1
261,-1,5,464,2051,808,0.8379722237586975,11,-1,-1
261,-1,1871,824,144,60,0.3547768294811249,4,-1,-1
261,-1,1871,824,144,59,0.35379377007484436,11,-1,-1
244,-1,8,481,2037,800,0.7159793376922607,11,-1,-1
244,-1,1854,789,132,54,0.5583525896072388,4,-1,-1
244,-1,1815,881,158,70,0.47185325622558594,4,-1,-1
235,-1,2098,1158,222,114,0.8651124835014343,4,-1,-1
235,-1,2585,1215,134,95,0.6534109711647034,4,-1,-1
235,-1,2073,824,142,51,0.5470176935195923,4,-1,-1
235,-1,5,464,2033,806,0.5317944884300232,6,-1,-1
235,-1,2152,945,181,80,0.5231165289878845,4,-1,-1
235,-1,4,469,2037,806,0.4326838552951813,11,-1,-1
235,-1,2562,911,157,47,0.3382728695869446,4,-1,-1
146,-1,1029,513,177,89,0.769532322883606,9,-1,-1
146,-1,1943,1076,190,89,0.7411344647407532,4,-1,-1
146,-1,3,495,2118,815,0.5588339567184448,11,-1,-1
146,-1,2670,1018,49,46,0.26262643933296204,4,-1,-1
72,-1,307,447,101,60,0.6844119429588318,6,-1,-1
72,-1,172,560,62,48,0.6808410882949829,4,-1,-1
72,-1,1836,455,140,97,0.6335364580154419,6,-1,-1
72,-1,3,487,2321,758,0.5334587097167969,11,-1,-1
72,-1,2672,1114,47,63,0.3691282868385315,4,-1,-1
72,-1,301,527,43,32,0.3236912786960602,4,-1,-1
72,-1,65,412,85,45,0.3052598834037781,6,-1,-1
72,-1,1838,456,93,71,0.2710174322128296,6,-1,-1
72,-1,1881,459,95,93,0.26130810379981995,6,-1,-1
73,-1,3,514,2352,705,0.6774120926856995,11,-1,-1
73,-1,310,448,98,60,0.6759016513824463,6,-1,-1
73,-1,177,562,64,48,0.6095570921897888,4,-1,-1
73,-1,1835,457,95,57,0.5861522555351257,6,-1,-1
73,-1,2291,479,62,46,0.42014598846435547,6,-1,-1
73,-1,2182,474,62,56,0.3137412369251251,6,-1,-1
73,-1,1898,494,84,58,0.29382243752479553,6,-1,-1
73,-1,63,415,82,41,0.27449357509613037,6,-1,-1
152,-1,2233,1140,208,101,0.7756041288375854,4,-1,-1
152,-1,2445,984,152,72,0.654829204082489,4,-1,-1
152,-1,961,520,188,96,0.5033993124961853,9,-1,-1
152,-1,954,923,161,110,0.46913403272628784,6,-1,-1
152,-1,1240,959,151,87,0.418307900428772,4,-1,-1
152,-1,9,521,2096,802,0.3605044484138489,11,-1,-1
152,-1,956,923,158,106,0.3559204936027527,4,-1,-1
172,-1,697,552,230,117,0.8507602214813232,9,-1,-1
172,-1,1974,1119,205,114,0.7883514165878296,4,-1,-1
172,-1,1682,1081,216,160,0.4888536334037781,6,-1,-1
172,-1,4,518,2089,827,0.4839513897895813,11,-1,-1
106,-1,92,467,110,65,0.5788825154304504,6,-1,-1
106,-1,1,526,2235,760,0.5786809325218201,11,-1,-1
106,-1,1526,485,130,70,0.36923620104789734,6,-1,-1
252,-1,4,465,2036,799,0.8353453278541565,11,-1,-1
252,-1,1551,833,146,68,0.5013854503631592,4,-1,-1
252,-1,1680,759,124,52,0.4564736485481262,4,-1,-1
252,-1,2096,851,147,51,0.431027889251709,4,-1,-1
79,-1,1819,461,90,59,0.6674783825874329,6,-1,-1
79,-1,3,495,2340,762,0.6619617342948914,11,-1,-1
79,-1,207,577,65,50,0.6384320855140686,4,-1,-1
79,-1,296,449,101,59,0.5743374228477478,6,-1,-1
79,-1,2221,475,66,61,0.34533289074897766,6,-1,-1
185,-1,463,522,274,136,0.8933998346328735,9,-1,-1
185,-1,2346,1164,275,198,0.8274462819099426,6,-1,-1
185,-1,2517,881,200,103,0.46796944737434387,6,-1,-1
185,-1,2663,1204,56,99,0.46293821930885315,4,-1,-1
185,-1,5,469,2036,823,0.3780739903450012,6,-1,-1
109,-1,91,465,107,68,0.6416627168655396,6,-1,-1
109,-1,3,499,2234,808,0.5124228596687317,6,-1,-1
109,-1,1510,486,122,72,0.5113580226898193,6,-1,-1
109,-1,2,520,2249,777,0.3156087398529053,11,-1,-1
109,-1,1509,486,124,72,0.2824212908744812,9,-1,-1
46,-1,1636,868,135,64,0.7791239619255066,4,-1,-1
46,-1,2,515,2355,702,0.7534857988357544,11,-1,-1
46,-1,193,558,58,35,0.632304310798645,4,-1,-1
46,-1,329,450,99,58,0.5993756651878357,6,-1,-1
46,-1,282,563,47,28,0.519721269607544,4,-1,-1
46,-1,1912,451,57,58,0.5162465572357178,6,-1,-1
46,-1,1566,530,122,65,0.46516990661621094,6,-1,-1
46,-1,0,498,62,53,0.3850507438182831,4,-1,-1
46,-1,2018,475,180,71,0.3586443066596985,6,-1,-1
46,-1,2107,1070,196,94,0.2800437808036804,4,-1,-1
121,-1,5,528,2175,772,0.7923970818519592,11,-1,-1
121,-1,10,468,114,65,0.5952754020690918,6,-1,-1
121,-1,1363,492,137,78,0.5237212777137756,6,-1,-1
121,-1,1647,481,72,45,0.2749488949775696,6,-1,-1
69,-1,2510,1070,207,92,0.6468881964683533,4,-1,-1
69,-1,312,444,104,62,0.6450232267379761,6,-1,-1
69,-1,2,502,2307,738,0.5967108607292175,11,-1,-1
69,-1,155,549,62,48,0.5623037219047546,4,-1,-1
69,-1,1852,453,92,98,0.5034868121147156,6,-1,-1
69,-1,338,534,41,28,0.29570138454437256,4,-1,-1
69,-1,70,412,85,43,0.2578740119934082,6,-1,-1
9,-1,2,508,2000,665,0.8075635433197021,11,-1,-1
9,-1,1373,484,252,120,0.6511898636817932,6,-1,-1
9,-1,0,457,63,62,0.4602595269680023,6,-1,-1
210,-1,0,595,148,149,0.8555478453636169,9,-1,-1
210,-1,1341,938,167,79,0.799958348274231,4,-1,-1
210,-1,1066,914,143,79,0.653298020362854,4,-1,-1
210,-1,1850,788,203,104,0.5311437845230103,6,-1,-1
210,-1,0,474,2094,801,0.35252127051353455,6,-1,-1
148,-1,2038,1094,189,99,0.7456214427947998,4,-1,-1
148,-1,1004,513,182,95,0.6421645283699036,9,-1,-1
148,-1,3,493,2112,813,0.6248924136161804,11,-1,-1
148,-1,1003,513,185,94,0.4889911413192749,6,-1,-1
188,-1,396,526,289,138,0.8552619218826294,9,-1,-1
188,-1,2530,1200,188,186,0.5314328670501709,6,-1,-1
188,-1,4,451,2054,827,0.45981794595718384,6,-1,-1
188,-1,1,473,2078,798,0.36339402198791504,11,-1,-1
263,-1,4,470,2062,805,0.8423137068748474,11,-1,-1
263,-1,1824,822,140,60,0.34876272082328796,4,-1,-1
240,-1,2400,1226,247,125,0.8487476706504822,4,-1,-1
240,-1,1960,911,167,74,0.7915247678756714,4,-1,-1
240,-1,8,475,2017,802,0.7302463054656982,11,-1,-1
240,-1,1945,804,139,55,0.6708258986473083,4,-1,-1
240,-1,0,608,45,36,0.4385886490345001,4,-1,-1
240,-1,2418,894,162,54,0.40614575147628784,4,-1,-1
64,-1,2271,1012,190,87,0.7389182448387146,4,-1,-1
64,-1,318,443,102,62,0.6371507048606873,6,-1,-1
64,-1,7,511,2318,656,0.6287512183189392,11,-1,-1
64,-1,1873,453,71,57,0.5917467474937439,6,-1,-1
64,-1,125,540,60,46,0.444668173789978,4,-1,-1
64,-1,1799,504,93,53,0.38341423869132996,6,-1,-1
64,-1,124,540,62,46,0.3665826618671417,6,-1,-1
64,-1,395,541,40,30,0.35580047965049744,4,-1,-1
64,-1,331,593,46,36,0.27226462960243225,4,-1,-1
64,-1,2125,469,66,66,0.25679630041122437,6,-1,-1
134,-1,1521,976,157,76,0.6469125151634216,4,-1,-1
134,-1,1215,503,154,85,0.47373926639556885,9,-1,-1
134,-1,1213,502,155,86,0.43009477853775024,6,-1,-1
134,-1,6,519,2168,789,0.4243793785572052,11,-1,-1
134,-1,0,472,80,65,0.41664478182792664,6,-1,-1
206,-1,0,581,269,171,0.8953897356987,9,-1,-1
206,-1,1951,803,203,110,0.5979117155075073,6,-1,-1
206,-1,2,464,2059,815,0.2726452648639679,6,-1,-1
54,-1,1889,930,158,72,0.7055405974388123,4,-1,-1
54,-1,2,490,2301,739,0.6349196434020996,11,-1,-1
54,-1,326,448,100,61,0.6139131188392639,6,-1,-1
54,-1,56,523,59,44,0.6118495464324951,4,-1,-1
54,-1,1899,452,66,58,0.48047274351119995,6,-1,-1
54,-1,2063,472,180,73,0.4735752046108246,6,-1,-1
54,-1,254,576,58,38,0.4153105318546295,4,-1,-1
54,-1,2438,1152,232,115,0.3765029013156891,4,-1,-1
54,-1,83,417,81,45,0.37490135431289673,6,-1,-1
54,-1,352,583,56,27,0.28393805027008057,4,-1,-1
54,-1,516,564,30,28,0.2756332755088806,4,-1,-1
223,-1,1521,1023,174,95,0.8209193348884583,4,-1,-1
223,-1,1889,1063,216,104,0.790090799331665,4,-1,-1
223,-1,8,482,2052,797,0.702052116394043,11,-1,-1
223,-1,1550,748,181,92,0.44066673517227173,6,-1,-1
223,-1,2696,1051,23,51,0.3213711678981781,4,-1,-1
223,-1,2398,869,161,56,0.3205288052558899,4,-1,-1
89,-1,1640,476,104,66,0.6230815052986145,6,-1,-1
89,-1,95,631,80,56,0.6121031641960144,4,-1,-1
89,-1,2,515,2211,762,0.48600348830223083,11,-1,-1
89,-1,109,460,108,70,0.470352441072464,6,-1,-1
89,-1,2145,484,58,52,0.2810054421424866,6,-1,-1
202,-1,6,563,373,171,0.9167983531951904,9,-1,-1
202,-1,3,487,2052,792,0.4053944945335388,11,-1,-1
202,-1,2051,816,210,102,0.3965965807437897,6,-1,-1
202,-1,2,465,2067,811,0.36425286531448364,6,-1,-1
241,-1,2465,1240,253,130,0.8209248185157776,4,-1,-1
241,-1,8,479,2017,798,0.7888477444648743,11,-1,-1
241,-1,1922,800,137,55,0.6276816129684448,4,-1,-1
241,-1,1924,899,162,77,0.6156643629074097,4,-1,-1
241,-1,2387,890,166,58,0.36776816844940186,4,-1,-1
85,-1,7,514,2325,751,0.727561891078949,11,-1,-1
85,-1,68,520,48,29,0.6409987211227417,4,-1,-1
85,-1,1724,467,100,64,0.6092641949653625,6,-1,-1
85,-1,154,605,75,58,0.4763631820678711,4,-1,-1
85,-1,203,454,104,64,0.4638960361480713,6,-1,-1
53,-1,1,503,2304,720,0.6987190842628479,11,-1,-1
53,-1,327,448,99,61,0.6179317235946655,6,-1,-1
53,-1,2390,1139,230,118,0.6091023683547974,4,-1,-1
53,-1,50,523,58,42,0.5587126612663269,4,-1,-1
53,-1,1855,921,151,70,0.5515093207359314,4,-1,-1
53,-1,2057,470,179,73,0.48080551624298096,6,-1,-1
53,-1,1902,452,63,59,0.477123498916626,6,-1,-1
53,-1,244,574,61,37,0.43034815788269043,4,-1,-1
53,-1,82,417,81,45,0.4065695106983185,6,-1,-1
53,-1,1662,523,109,56,0.29294225573539734,6,-1,-1
53,-1,341,581,47,29,0.2923590838909149,4,-1,-1
31,-1,252,448,107,60,0.6617034673690796,6,-1,-1
31,-1,5,512,2295,663,0.6206440925598145,11,-1,-1
31,-1,1818,475,211,95,0.4951705038547516,6,-1,-1
31,-1,2639,1082,77,105,0.47027117013931274,11,-1,-1
31,-1,1252,565,149,70,0.43958428502082825,6,-1,-1
31,-1,1564,941,153,74,0.37592774629592896,4,-1,-1
31,-1,78,538,51,27,0.28339213132858276,4,-1,-1
31,-1,0,498,40,28,0.26941850781440735,4,-1,-1
7,-1,2,504,2000,666,0.7660995721817017,11,-1,-1
7,-1,387,653,244,104,0.6943293809890747,6,-1,-1
7,-1,2524,1179,195,275,0.551979124546051,11,-1,-1
7,-1,0,457,64,63,0.4384714663028717,6,-1,-1
7,-1,1346,487,267,120,0.40917858481407166,11,-1,-1
7,-1,1571,433,70,53,0.2955872118473053,6,-1,-1
219,-1,1368,984,158,93,0.8351023197174072,4,-1,-1
219,-1,1700,1021,201,96,0.8182827234268188,4,-1,-1
219,-1,8,486,2048,791,0.589472234249115,11,-1,-1
219,-1,2512,884,172,58,0.5045510530471802,4,-1,-1
219,-1,1638,757,188,94,0.32465028762817383,6,-1,-1
93,-1,7,513,2235,769,0.6916972994804382,11,-1,-1
93,-1,101,464,113,68,0.6042306423187256,6,-1,-1
93,-1,125,644,78,42,0.45462939143180847,4,-1,-1
93,-1,1615,479,110,66,0.3861320912837982,6,-1,-1
35,-1,3,501,2316,715,0.7450222373008728,11,-1,-1
35,-1,334,446,99,60,0.5606431365013123,6,-1,-1
35,-1,108,537,57,30,0.47939208149909973,4,-1,-1
35,-1,1396,551,124,72,0.3654918372631073,6,-1,-1
35,-1,59,491,44,25,0.3645309805870056,4,-1,-1
35,-1,1919,448,212,125,0.35064804553985596,6,-1,-1
149,-1,2086,1107,192,98,0.7734197974205017,4,-1,-1
149,-1,996,516,180,93,0.6895279884338379,9,-1,-1
149,-1,2557,996,158,66,0.6580626964569092,4,-1,-1
149,-1,8,501,2110,806,0.4558712840080261,11,-1,-1
149,-1,1158,930,147,94,0.3283327519893646,4,-1,-1
143,-1,1833,1050,173,85,0.7550866603851318,4,-1,-1
143,-1,1082,509,172,89,0.6570262908935547,6,-1,-1
143,-1,4,513,2104,792,0.6471425294876099,11,-1,-1
143,-1,1083,510,170,88,0.3589659631252289,9,-1,-1
143,-1,0,477,22,57,0.2654116451740265,6,-1,-1
246,-1,6,477,2032,798,0.7914677858352661,11,-1,-1
246,-1,1806,781,134,52,0.6712620258331299,4,-1,-1
246,-1,2253,862,153,62,0.4539969563484192,4,-1,-1
225,-1,1604,1041,182,99,0.8362851142883301,4,-1,-1
225,-1,1991,1087,226,107,0.8183757066726685,4,-1,-1
225,-1,7,478,2046,803,0.7741701602935791,11,-1,-1
225,-1,2342,861,158,56,0.7074828743934631,4,-1,-1
225,-1,2595,1024,123,77,0.6087630987167358,4,-1,-1
225,-1,655,492,19,51,0.32368534803390503,1,-1,-1
225,-1,1508,739,182,91,0.27279216051101685,6,-1,-1
98,-1,97,463,110,67,0.6415379643440247,6,-1,-1
98,-1,1583,481,121,66,0.46799132227897644,6,-1,-1
98,-1,0,525,2224,754,0.44328030943870544,11,-1,-1
98,-1,1585,480,120,65,0.28693917393684387,9,-1,-1
30,-1,228,449,103,60,0.5674029588699341,6,-1,-1
30,-1,1217,566,146,74,0.56731116771698,6,-1,-1
30,-1,1,492,2287,705,0.5258004069328308,11,-1,-1
30,-1,1797,448,201,120,0.44884970784187317,6,-1,-1
83,-1,1776,464,96,62,0.7004929780960083,6,-1,-1
83,-1,256,447,103,64,0.6236190795898438,6,-1,-1
83,-1,194,591,71,49,0.6113901734352112,4,-1,-1
83,-1,4,484,2356,765,0.540697455406189,11,-1,-1
83,-1,2225,477,59,57,0.5362979769706726,6,-1,-1
83,-1,2332,478,65,59,0.44759470224380493,6,-1,-1
83,-1,153,516,38,29,0.3256966769695282,4,-1,-1
107,-1,7,515,2232,789,0.6327217221260071,11,-1,-1
107,-1,91,469,110,63,0.577375054359436,6,-1,-1
107,-1,1520,485,124,72,0.42144185304641724,6,-1,-1
189,-1,368,529,295,142,0.8713688850402832,9,-1,-1
189,-1,8,471,2061,813,0.5497591495513916,11,-1,-1
189,-1,2589,1212,129,178,0.47963035106658936,6,-1,-1
201,-1,39,564,364,165,0.878071129322052,9,-1,-1
201,-1,1,462,2060,813,0.4520181119441986,6,-1,-1
201,-1,2074,819,214,116,0.3965347707271576,6,-1,-1
201,-1,3,488,2040,789,0.39628034830093384,11,-1,-1
132,-1,2,524,2141,809,0.6795441508293152,11,-1,-1
132,-1,1452,965,154,73,0.6772044897079468,4,-1,-1
132,-1,1237,501,149,82,0.5614966154098511,9,-1,-1
132,-1,0,473,80,66,0.3638080060482025,9,-1,-1
132,-1,0,472,80,67,0.32056450843811035,6,-1,-1
212,-1,1131,931,145,77,0.7648353576660156,4,-1,-1
212,-1,1799,782,197,102,0.724315345287323,6,-1,-1
212,-1,1417,955,173,84,0.6869447827339172,4,-1,-1
212,-1,0,605,80,139,0.6103386878967285,6,-1,-1
212,-1,7,470,2086,807,0.4822709858417511,11,-1,-1
102,-1,94,465,108,65,0.5881556868553162,6,-1,-1
102,-1,0,529,2229,753,0.5431777834892273,11,-1,-1
102,-1,1560,483,120,69,0.37746739387512207,6,-1,-1
102,-1,1560,483,122,68,0.274199515581131,9,-1,-1
114,-1,3,496,2248,812,0.5185128450393677,6,-1,-1
114,-1,85,465,108,66,0.44489729404449463,6,-1,-1
114,-1,1469,486,131,78,0.3991982340812683,9,-1,-1
114,-1,3,520,2248,767,0.393537312746048,11,-1,-1
114,-1,1468,487,130,75,0.3499968945980072,6,-1,-1
43,-1,2,480,2332,746,0.7065098881721497,11,-1,-1
43,-1,330,448,100,59,0.6400158405303955,6,-1,-1
43,-1,1553,850,125,63,0.534258246421814,4,-1,-1
43,-1,1999,1039,183,93,0.5312055349349976,4,-1,-1
43,-1,167,552,59,31,0.5125996470451355,4,-1,-1
43,-1,1524,538,113,64,0.452282190322876,6,-1,-1
43,-1,262,557,49,26,0.4287780225276947,4,-1,-1
43,-1,1920,449,52,54,0.36065903306007385,6,-1,-1
43,-1,0,501,42,42,0.33513662219047546,4,-1,-1
164,-1,815,539,211,105,0.8330893516540527,9,-1,-1
164,-1,1637,1050,180,99,0.7048748135566711,4,-1,-1
164,-1,1349,1007,191,139,0.5510215163230896,6,-1,-1
164,-1,2040,928,132,57,0.43631264567375183,4,-1,-1
164,-1,0,526,2077,825,0.32499292492866516,11,-1,-1
95,-1,7,515,2215,778,0.5904111862182617,11,-1,-1
95,-1,99,465,112,66,0.5332436561584473,6,-1,-1
95,-1,1603,480,111,66,0.5042056441307068,6,-1,-1
95,-1,145,647,72,37,0.3762757182121277,4,-1,-1
112,-1,86,467,110,64,0.5066303014755249,6,-1,-1
112,-1,4,513,2256,780,0.46975353360176086,11,-1,-1
112,-1,3,493,2258,813,0.4624955952167511,6,-1,-1
112,-1,1480,485,130,74,0.3538554608821869,6,-1,-1
138,-1,1166,504,159,89,0.7751258015632629,9,-1,-1
138,-1,1657,1013,168,75,0.6136585474014282,4,-1,-1
138,-1,0,472,66,64,0.5784077048301697,6,-1,-1
138,-1,6,527,2122,776,0.5569987893104553,11,-1,-1
248,-1,3,463,2039,802,0.8022510409355164,11,-1,-1
248,-1,1678,854,153,69,0.5356224179267883,4,-1,-1
248,-1,2196,861,158,54,0.4868547022342682,4,-1,-1
248,-1,1767,774,125,50,0.4678405225276947,4,-1,-1
5,-1,5,512,1996,661,0.8271023035049438,11,-1,-1
5,-1,1308,491,283,130,0.6207098364830017,11,-1,-1
5,-1,323,663,246,113,0.575100839138031,6,-1,-1
5,-1,0,456,63,65,0.4528166651725769,6,-1,-1
34,-1,1,495,2312,734,0.6665658950805664,11,-1,-1
34,-1,326,447,102,60,0.663877546787262,6,-1,-1
34,-1,1370,555,135,72,0.5301927924156189,6,-1,-1
34,-1,95,535,53,31,0.45010611414909363,4,-1,-1
34,-1,56,493,44,25,0.42944830656051636,4,-1,-1
34,-1,1908,447,208,122,0.3040894865989685,6,-1,-1
99,-1,96,461,111,70,0.5985555648803711,6,-1,-1
99,-1,7,514,2216,778,0.47047147154808044,11,-1,-1
99,-1,1577,482,119,70,0.44889453053474426,6,-1,-1
99,-1,3,502,2221,789,0.39576753973960876,6,-1,-1
257,-1,5,461,2083,811,0.7933320999145508,11,-1,-1
23,-1,1,503,2083,678,0.7221521139144897,11,-1,-1
23,-1,36,453,113,63,0.6547951102256775,6,-1,-1
23,-1,1572,478,229,100,0.5636261701583862,6,-1,-1
23,-1,919,579,174,84,0.44211357831954956,6,-1,-1
16,-1,2,523,2002,647,0.7781808376312256,11,-1,-1
16,-1,0,457,56,62,0.5173966288566589,6,-1,-1
16,-1,669,612,199,88,0.4898531138896942,6,-1,-1
16,-1,1442,481,232,110,0.4497154653072357,11,-1,-1
19,-1,1,511,1994,654,0.8201424479484558,11,-1,-1
19,-1,1470,479,232,111,0.5159540772438049,11,-1,-1
19,-1,745,599,196,82,0.4909806251525879,6,-1,-1
19,-1,0,458,65,61,0.43653547763824463,6,-1,-1
137,-1,1179,506,160,85,0.5110620260238647,9,-1,-1
137,-1,4,501,2154,788,0.4845215678215027,11,-1,-1
137,-1,1182,505,157,87,0.4824236333370209,6,-1,-1
137,-1,1623,1006,167,72,0.32431355118751526,4,-1,-1
137,-1,0,473,73,63,0.31561771035194397,6,-1,-1
61,-1,2148,988,178,82,0.8005033731460571,4,-1,-1
61,-1,104,537,59,47,0.6782945394515991,4,-1,-1
61,-1,4,495,2344,684,0.6659169793128967,11,-1,-1
61,-1,317,446,104,63,0.592488169670105,6,-1,-1
61,-1,1755,510,109,58,0.5110605955123901,6,-1,-1
61,-1,1879,455,74,57,0.36989104747772217,6,-1,-1
61,-1,78,416,83,45,0.2919872999191284,6,-1,-1
61,-1,412,551,55,32,0.25238528847694397,4,-1,-1
96,-1,1597,479,115,67,0.5590516328811646,6,-1,-1
96,-1,6,518,2206,771,0.5413884520530701,11,-1,-1
96,-1,99,461,112,70,0.5201795101165771,6,-1,-1
156,-1,2450,1186,227,109,0.8048970699310303,4,-1,-1
156,-1,914,526,194,99,0.7981690764427185,9,-1,-1
156,-1,1361,982,157,91,0.6451210379600525,4,-1,-1
156,-1,2301,966,147,56,0.6190469861030579,4,-1,-1
156,-1,1073,944,170,120,0.49720528721809387,6,-1,-1
156,-1,2,525,2057,795,0.4370349645614624,11,-1,-1
24,-1,6,515,2098,662,0.7193125486373901,11,-1,-1
24,-1,969,580,164,78,0.6206880807876587,6,-1,-1
24,-1,69,453,108,61,0.520338773727417,6,-1,-1
24,-1,1602,474,224,101,0.49168044328689575,6,-1,-1
159,-1,875,528,201,104,0.8251653909683228,9,-1,-1
159,-1,1173,967,174,120,0.6694104075431824,4,-1,-1
159,-1,1456,1007,167,94,0.6194543838500977,4,-1,-1
159,-1,4,520,2063,805,0.41949743032455444,11,-1,-1
159,-1,2198,952,149,53,0.3077544867992401,4,-1,-1
159,-1,2633,1223,85,85,0.29197585582733154,4,-1,-1
33,-1,0,496,2320,718,0.7351498603820801,11,-1,-1
33,-1,1879,471,210,102,0.6047766804695129,6,-1,-1
33,-1,305,448,99,58,0.5860437750816345,6,-1,-1
33,-1,1328,556,144,75,0.5520013570785522,6,-1,-1
33,-1,34,494,49,22,0.4336608052253723,4,-1,-1
33,-1,61,536,56,30,0.30485230684280396,4,-1,-1
173,-1,680,552,233,119,0.8508774638175964,9,-1,-1
173,-1,1730,1092,219,159,0.6801709532737732,6,-1,-1
173,-1,2022,1127,209,115,0.5202277898788452,4,-1,-1
173,-1,4,511,2072,836,0.47300419211387634,11,-1,-1
173,-1,1765,884,128,54,0.3909042477607727,4,-1,-1
233,-1,1990,1131,209,113,0.8161977529525757,4,-1,-1
233,-1,2452,1187,266,117,0.787326455116272,4,-1,-1
233,-1,9,466,2041,818,0.5783535242080688,6,-1,-1
233,-1,2123,831,147,55,0.4495375454425812,4,-1,-1
233,-1,2623,918,96,50,0.30777743458747864,4,-1,-1
233,-1,653,492,19,53,0.29703396558761597,1,-1,-1
233,-1,2131,372,42,92,0.2699883282184601,1,-1,-1
145,-1,1039,512,180,89,0.800836980342865,9,-1,-1
145,-1,3,505,2118,795,0.7207508087158203,11,-1,-1
145,-1,1903,1065,183,88,0.5712020993232727,4,-1,-1
10,-1,1,512,1996,668,0.8073841333389282,11,-1,-1
10,-1,490,634,226,99,0.6789996027946472,6,-1,-1
10,-1,0,457,62,63,0.48469284176826477,6,-1,-1
10,-1,1374,487,257,118,0.3651029169559479,11,-1,-1
141,-1,1116,509,166,88,0.7904468774795532,9,-1,-1
141,-1,7,539,2084,741,0.6523517370223999,11,-1,-1
141,-1,1760,1035,172,82,0.5579090714454651,4,-1,-1
141,-1,0,475,40,62,0.4381261169910431,6,-1,-1
254,-1,5,463,2023,803,0.8058596253395081,11,-1,-1
176,-1,634,558,240,121,0.8436861038208008,9,-1,-1
176,-1,2171,1154,222,121,0.815021276473999,4,-1,-1
176,-1,1872,1119,233,176,0.728318452835083,6,-1,-1
176,-1,5,532,2058,818,0.41349706053733826,6,-1,-1
176,-1,9,542,2052,799,0.36956414580345154,11,-1,-1
176,-1,1684,870,125,52,0.3675892651081085,4,-1,-1
184,-1,484,525,271,135,0.8569860458374023,9,-1,-1
184,-1,2291,1160,268,193,0.7971861958503723,6,-1,-1
184,-1,2550,889,169,102,0.5768427848815918,6,-1,-1
184,-1,5,457,2046,836,0.5337007641792297,6,-1,-1
184,-1,2603,1200,115,108,0.4686293601989746,4,-1,-1
184,-1,1,494,2060,792,0.40419578552246094,11,-1,-1
117,-1,5,518,2235,785,0.6161616444587708,11,-1,-1
117,-1,1444,487,133,77,0.5185747146606445,9,-1,-1
117,-1,85,467,105,62,0.4205937683582306,6,-1,-1
117,-1,1442,486,135,78,0.3312874734401703,6,-1,-1
28,-1,4,495,2222,670,0.6923631429672241,11,-1,-1
28,-1,1132,567,154,77,0.6542581915855408,6,-1,-1
28,-1,170,449,112,62,0.6353738307952881,6,-1,-1
28,-1,1430,914,141,72,0.47987380623817444,4,-1,-1
28,-1,1722,479,222,97,0.43466585874557495,6,-1,-1
208,-1,0,589,210,154,0.8883658647537231,9,-1,-1
208,-1,1272,924,161,76,0.7728286385536194,4,-1,-1
208,-1,1901,793,201,114,0.7107895016670227,6,-1,-1
208,-1,1004,900,147,83,0.6110350489616394,4,-1,-1
26,-1,120,452,109,60,0.6461704969406128,6,-1,-1
26,-1,7,505,2174,658,0.640146791934967,11,-1,-1
26,-1,1047,572,156,77,0.5837002992630005,6,-1,-1
26,-1,1665,462,224,112,0.4048580229282379,6,-1,-1
178,-1,2273,1172,229,128,0.8313652276992798,4,-1,-1
178,-1,1974,1136,239,175,0.7144724130630493,6,-1,-1
178,-1,599,561,250,127,0.6754205822944641,9,-1,-1
178,-1,8,523,2067,806,0.5064417123794556,11,-1,-1
178,-1,3,496,2126,847,0.25532352924346924,6,-1,-1
101,-1,1564,483,131,67,0.5986348390579224,6,-1,-1
101,-1,94,463,110,68,0.5625074505805969,6,-1,-1
101,-1,7,515,2229,778,0.4941396713256836,11,-1,-1
110,-1,1501,485,124,74,0.6466798782348633,6,-1,-1
110,-1,3,527,2249,771,0.4958687722682953,11,-1,-1
110,-1,89,461,109,71,0.44967231154441833,6,-1,-1
110,-1,3,504,2242,804,0.4015626609325409,6,-1,-1
168,-1,762,545,215,110,0.8353266716003418,9,-1,-1
168,-1,1800,1085,191,109,0.8097319602966309,4,-1,-1
168,-1,1919,908,129,56,0.6738234758377075,4,-1,-1
168,-1,1507,1044,204,147,0.49452921748161316,4,-1,-1
168,-1,8,544,2045,786,0.4490616023540497,11,-1,-1
168,-1,1506,1044,203,147,0.4309491217136383,6,-1,-1
37,-1,6,510,2383,633,0.7412202954292297,11,-1,-1
37,-1,331,446,102,60,0.5698365569114685,6,-1,-1
37,-1,1800,989,168,79,0.4837760627269745,4,-1,-1
37,-1,47,489,45,25,0.3166871964931488,4,-1,-1
37,-1,1934,449,50,41,0.2746208608150482,6,-1,-1
37,-1,1940,478,205,75,0.2512156367301941,6,-1,-1
231,-1,1888,1106,198,108,0.8325369358062744,4,-1,-1
231,-1,2321,978,191,81,0.7648084759712219,4,-1,-1
231,-1,2326,1161,254,114,0.7495787739753723,4,-1,-1
231,-1,2178,840,148,58,0.6548177599906921,4,-1,-1
231,-1,4,465,2055,809,0.4978761672973633,11,-1,-1
231,-1,4,452,2044,814,0.4862064719200134,6,-1,-1
113,-1,4,514,2253,780,0.43389785289764404,11,-1,-1
113,-1,83,465,110,65,0.4055876135826111,6,-1,-1
113,-1,1476,487,130,74,0.3123781979084015,9,-1,-1
113,-1,4,490,2284,818,0.2981410324573517,6,-1,-1
39,-1,1,482,2332,742,0.7185332775115967,11,-1,-1
39,-1,1864,1006,171,84,0.5873903036117554,4,-1,-1
39,-1,1448,824,122,60,0.5830900073051453,4,-1,-1
39,-1,331,447,102,59,0.5790966153144836,6,-1,-1
39,-1,31,487,50,28,0.36620938777923584,4,-1,-1
39,-1,1961,479,196,84,0.34287312626838684,6,-1,-1
39,-1,0,499,21,32,0.29698166251182556,4,-1,-1
39,-1,1455,548,135,62,0.2919194996356964,6,-1,-1
39,-1,1932,449,46,44,0.2638990581035614,6,-1,-1
224,-1,1564,1034,178,95,0.8282672762870789,4,-1,-1
224,-1,1937,1075,223,101,0.8264825940132141,4,-1,-1
224,-1,7,480,2050,798,0.6975473165512085,11,-1,-1
224,-1,2372,864,158,60,0.6413105130195618,4,-1,-1
224,-1,2647,1036,71,73,0.5320172309875488,4,-1,-1
224,-1,1527,745,183,93,0.49913352727890015,6,-1,-1
224,-1,2647,994,72,113,0.32025113701820374,4,-1,-1
224,-1,657,490,18,50,0.25295183062553406,1,-1,-1
42,-1,2,481,2327,739,0.7136803269386292,11,-1,-1
42,-1,1523,839,128,66,0.7029300928115845,4,-1,-1
42,-1,331,448,98,59,0.6019958257675171,6,-1,-1
42,-1,1965,1032,177,88,0.4689095914363861,4,-1,-1
42,-1,160,549,59,34,0.44567254185676575,4,-1,-1
42,-1,248,554,53,29,0.4443768262863159,4,-1,-1
42,-1,1984,475,188,71,0.37297946214675903,6,-1,-1
42,-1,1507,540,122,65,0.3588687479496002,6,-1,-1
42,-1,0,498,36,41,0.33305948972702026,4,-1,-1
42,-1,1923,449,51,54,0.31292396783828735,6,-1,-1
238,-1,2276,1197,232,121,0.8706727623939514,4,-1,-1
238,-1,5,461,2036,804,0.771282434463501,11,-1,-1
238,-1,2037,925,170,74,0.7444356083869934,4,-1,-1
238,-1,2474,902,168,63,0.39504754543304443,4,-1,-1
238,-1,1994,814,139,53,0.27346011996269226,4,-1,-1
238,-1,0,608,24,34,0.25875431299209595,4,-1,-1
78,-1,1,513,2379,734,0.7053089141845703,11,-1,-1
78,-1,298,449,101,59,0.6548625826835632,6,-1,-1
78,-1,200,572,68,52,0.6528658270835876,4,-1,-1
78,-1,1825,462,90,57,0.6428297758102417,6,-1,-1
78,-1,229,520,48,28,0.41661909222602844,4,-1,-1
78,-1,1948,497,82,52,0.37594830989837646,6,-1,-1
78,-1,53,413,87,43,0.3499775528907776,6,-1,-1
119,-1,5,523,2208,782,0.726057767868042,11,-1,-1
119,-1,1416,491,134,75,0.6362886428833008,9,-1,-1
119,-1,66,466,108,64,0.43907615542411804,6,-1,-1
195,-1,209,545,333,152,0.8832076191902161,9,-1,-1
195,-1,4,442,2047,834,0.42853838205337524,6,-1,-1
195,-1,12,473,2036,806,0.38350600004196167,11,-1,-1
57,-1,323,448,100,61,0.6764128804206848,6,-1,-1
57,-1,1997,952,163,78,0.5976539850234985,4,-1,-1
57,-1,2,508,2321,736,0.5680954456329346,11,-1,-1
57,-1,76,529,61,45,0.5653223991394043,4,-1,-1
57,-1,1895,453,67,56,0.46710267663002014,6,-1,-1
57,-1,1713,513,108,62,0.38625553250312805,6,-1,-1
57,-1,2083,473,176,69,0.33680421113967896,6,-1,-1
57,-1,78,417,86,44,0.32469046115875244,6,-1,-1
57,-1,275,583,63,31,0.29581502079963684,4,-1,-1
57,-1,2577,1190,142,84,0.25849029421806335,4,-1,-1
65,-1,2316,1021,195,88,0.7294252514839172,4,-1,-1
65,-1,5,518,2327,650,0.6473810076713562,11,-1,-1
65,-1,130,542,62,49,0.5496413111686707,4,-1,-1
65,-1,316,445,104,61,0.538682758808136,6,-1,-1
65,-1,1869,452,79,58,0.3499715030193329,6,-1,-1
65,-1,373,537,49,29,0.25267493724823,4,-1,-1
94,-1,6,515,2216,772,0.6059792041778564,11,-1,-1
94,-1,99,459,112,70,0.605835497379303,6,-1,-1
94,-1,1610,480,108,66,0.46158838272094727,6,-1,-1
94,-1,137,647,67,37,0.29962366819381714,4,-1,-1
48,-1,1,519,2309,721,0.7581190466880798,11,-1,-1
48,-1,1694,884,143,65,0.7381320595741272,4,-1,-1
48,-1,205,562,58,34,0.672219455242157,4,-1,-1
48,-1,17,513,57,42,0.6229390501976013,4,-1,-1
48,-1,326,448,103,60,0.5721161365509033,6,-1,-1
48,-1,300,567,48,28,0.5689517259597778,4,-1,-1
48,-1,1914,452,54,57,0.5079513192176819,6,-1,-1
48,-1,2022,474,189,79,0.4065658152103424,6,-1,-1
48,-1,2183,1088,204,97,0.3594251871109009,4,-1,-1
215,-1,1529,983,185,88,0.8438135385513306,4,-1,-1
215,-1,1227,953,152,82,0.8120926022529602,4,-1,-1
215,-1,8,476,2085,801,0.5490038394927979,11,-1,-1
215,-1,3,458,2056,811,0.3843643069267273,6,-1,-1
215,-1,2632,899,86,53,0.307296484708786,4,-1,-1
215,-1,1731,771,194,106,0.28205907344818115,6,-1,-1
75,-1,2,517,2359,720,0.7075560688972473,11,-1,-1
75,-1,188,566,62,48,0.5861449241638184,4,-1,-1
75,-1,1831,458,91,58,0.5843260288238525,6,-1,-1
75,-1,304,449,100,59,0.572825014591217,6,-1,-1
75,-1,270,525,40,28,0.38034239411354065,4,-1,-1
75,-1,1918,493,84,57,0.3292171061038971,6,-1,-1
182,-1,526,545,257,129,0.8695850372314453,9,-1,-1
182,-1,2180,1156,258,181,0.6688209176063538,6,-1,-1
182,-1,3,502,2074,816,0.6089427471160889,11,-1,-1
182,-1,2488,1195,230,131,0.47339048981666565,4,-1,-1
182,-1,2609,917,110,95,0.3482716381549835,4,-1,-1
182,-1,2610,917,108,95,0.28995057940483093,6,-1,-1
11,-1,2,515,2008,666,0.8264353275299072,11,-1,-1
11,-1,518,631,221,94,0.4598889946937561,6,-1,-1
11,-1,0,457,61,62,0.4338289797306061,6,-1,-1
11,-1,1400,487,243,119,0.33875781297683716,11,-1,-1
11,-1,1395,487,248,117,0.28041350841522217,6,-1,-1
207,-1,0,586,239,156,0.8896217942237854,9,-1,-1
207,-1,1922,796,203,110,0.5774469971656799,6,-1,-1
207,-1,979,899,140,73,0.4461604952812195,4,-1,-1
207,-1,1237,914,158,79,0.29033809900283813,4,-1,-1
265,-1,4,468,2066,804,0.8484074473381042,11,-1,-1
218,-1,1659,1011,195,93,0.842701256275177,4,-1,-1
218,-1,1330,975,159,85,0.78998863697052,4,-1,-1
218,-1,4,473,2055,795,0.6797876358032227,11,-1,-1
218,-1,2545,889,169,59,0.3341233432292938,4,-1,-1
218,-1,1662,763,189,94,0.2661203145980835,6,-1,-1
228,-1,1740,1074,191,104,0.8335038423538208,4,-1,-1
228,-1,2154,1124,238,109,0.7945931553840637,4,-1,-1
228,-1,3,466,2065,804,0.7248082756996155,11,-1,-1
228,-1,2457,1003,200,84,0.714786946773529,4,-1,-1
228,-1,2257,852,156,56,0.5378574132919312,4,-1,-1
228,-1,655,492,19,55,0.3201037645339966,1,-1,-1
228,-1,1448,735,174,86,0.2564026415348053,6,-1,-1
247,-1,4,465,2037,800,0.8127452731132507,11,-1,-1
247,-1,1786,778,133,53,0.5964721441268921,4,-1,-1
247,-1,2226,858,154,63,0.535943865776062,4,-1,-1
247,-1,1710,861,159,70,0.38446518778800964,4,-1,-1
135,-1,1205,503,155,86,0.7707220315933228,9,-1,-1
135,-1,6,519,2170,792,0.6181692481040955,11,-1,-1
135,-1,1557,983,156,78,0.5995465517044067,4,-1,-1
135,-1,0,472,79,65,0.551353394985199,6,-1,-1
154,-1,935,522,192,99,0.7164856195449829,9,-1,-1
154,-1,1012,933,165,119,0.40926116704940796,6,-1,-1
154,-1,2338,1164,217,99,0.3630914092063904,4,-1,-1
154,-1,1300,971,150,85,0.32367730140686035,4,-1,-1
154,-1,9,521,2071,793,0.3131571412086487,11,-1,-1
154,-1,1,511,2081,813,0.3104640543460846,6,-1,-1
154,-1,1014,934,163,116,0.2835281193256378,4,-1,-1
154,-1,2370,974,151,60,0.2543998658657074,4,-1,-1
131,-1,2,523,2148,806,0.7095245718955994,11,-1,-1
131,-1,1422,957,148,70,0.5927745699882507,4,-1,-1
131,-1,0,473,82,65,0.48133742809295654,6,-1,-1
131,-1,1246,501,147,82,0.42203328013420105,9,-1,-1
147,-1,1018,514,179,90,0.692749559879303,9,-1,-1
147,-1,1991,1085,187,95,0.6913557052612305,4,-1,-1
147,-1,3,491,2112,815,0.6314274072647095,11,-1,-1
147,-1,1019,514,178,92,0.42432042956352234,6,-1,-1
147,-1,2635,1006,83,49,0.2638191878795624,4,-1,-1
260,-1,5,460,2068,813,0.8252224922180176,11,-1,-1
125,-1,5,526,2179,778,0.7199488878250122,11,-1,-1
125,-1,1301,495,141,79,0.5010485649108887,9,-1,-1
125,-1,0,471,87,64,0.36871466040611267,9,-1,-1
125,-1,1299,495,143,78,0.29419615864753723,6,-1,-1
125,-1,1616,481,71,44,0.26409584283828735,6,-1,-1
130,-1,5,532,2172,782,0.6834993362426758,11,-1,-1
130,-1,1254,501,147,83,0.6255097985267639,6,-1,-1
130,-1,0,473,83,65,0.5351907014846802,6,-1,-1
130,-1,1251,502,149,81,0.2531719207763672,9,-1,-1
175,-1,654,556,236,120,0.8414963483810425,9,-1,-1
175,-1,2122,1143,217,129,0.7706873416900635,4,-1,-1
175,-1,1825,1107,227,172,0.6829531788825989,6,-1,-1
175,-1,4,530,2053,821,0.6228998899459839,11,-1,-1
203,-1,0,567,351,172,0.9064132571220398,9,-1,-1
203,-1,2022,813,209,107,0.4382178485393524,6,-1,-1
203,-1,3,466,2069,807,0.3857456147670746,6,-1,-1
45,-1,2,495,2346,719,0.7469478249549866,11,-1,-1
45,-1,1603,861,136,65,0.7380463480949402,4,-1,-1
45,-1,184,556,57,36,0.6475605368614197,4,-1,-1
45,-1,330,450,99,58,0.5457964539527893,6,-1,-1
45,-1,1912,450,59,57,0.42687517404556274,6,-1,-1
45,-1,2070,1059,190,97,0.3986697793006897,4,-1,-1
45,-1,0,486,53,60,0.38062942028045654,4,-1,-1
45,-1,2007,475,184,74,0.34001830220222473,6,-1,-1
259,-1,5,467,2064,805,0.832759439945221,11,-1,-1
1,-1,1,523,1993,663,0.8367269039154053,11,-1,-1
1,-1,157,688,287,115,0.5324980020523071,6,-1,-1
1,-1,1543,434,87,60,0.3282233774662018,6,-1,-1
1,-1,0,457,66,62,0.31645116209983826,6,-1,-1
1,-1,1254,495,305,139,0.2995104193687439,11,-1,-1
133,-1,1485,969,157,76,0.6383499503135681,4,-1,-1
133,-1,6,523,2161,791,0.605032205581665,11,-1,-1
133,-1,1222,502,156,84,0.4472895562648773,6,-1,-1
133,-1,1224,501,154,84,0.41309720277786255,9,-1,-1
133,-1,0,472,80,66,0.31169769167900085,6,-1,-1
214,-1,1494,972,180,84,0.8343580365180969,4,-1,-1
214,-1,1194,945,150,83,0.7908716797828674,4,-1,-1
214,-1,7,476,2107,803,0.628989577293396,11,-1,-1
214,-1,1752,775,196,103,0.44954410195350647,6,-1,-1
214,-1,2663,908,56,47,0.409469336271286,4,-1,-1
22,-1,6,524,2039,636,0.6881629824638367,11,-1,-1
22,-1,16,453,108,63,0.5354015827178955,6,-1,-1
22,-1,1536,469,234,111,0.4051859974861145,6,-1,-1
226,-1,1648,1055,183,95,0.8202114701271057,4,-1,-1
226,-1,2043,1098,226,106,0.8128068447113037,4,-1,-1
226,-1,7,473,2064,806,0.7802320718765259,11,-1,-1
226,-1,2547,1017,172,86,0.7359001040458679,4,-1,-1
226,-1,2317,858,154,57,0.5291018486022949,4,-1,-1
226,-1,655,493,17,49,0.3300763964653015,1,-1,-1
50,-1,1757,899,145,71,0.7515299320220947,4,-1,-1
50,-1,0,510,2320,716,0.7489993572235107,11,-1,-1
50,-1,326,447,102,62,0.6424528360366821,6,-1,-1
50,-1,2261,1112,216,104,0.5520025491714478,4,-1,-1
50,-1,1905,452,66,58,0.5138826370239258,6,-1,-1
50,-1,222,566,58,38,0.48232123255729675,4,-1,-1
50,-1,30,517,57,42,0.4798531234264374,6,-1,-1
50,-1,2041,474,182,73,0.4581294655799866,6,-1,-1
50,-1,315,574,56,30,0.29683855175971985,4,-1,-1
50,-1,81,419,87,43,0.29446831345558167,6,-1,-1
139,-1,1144,508,165,85,0.6887513995170593,9,-1,-1
139,-1,1692,1020,168,79,0.6701456904411316,4,-1,-1
139,-1,3,502,2147,819,0.6578320860862732,11,-1,-1
139,-1,0,473,56,63,0.4650616943836212,6,-1,-1
74,-1,183,562,64,50,0.7058663964271545,4,-1,-1
74,-1,305,448,102,60,0.6395639181137085,6,-1,-1
74,-1,2,505,2369,727,0.6356580853462219,11,-1,-1
74,-1,1830,458,95,57,0.5301096439361572,6,-1,-1
74,-1,1911,495,83,57,0.3415988087654114,6,-1,-1
74,-1,64,415,83,42,0.33879563212394714,6,-1,-1
74,-1,2189,470,62,60,0.33348923921585083,6,-1,-1
74,-1,271,522,55,32,0.2509477436542511,4,-1,-1
74,-1,2303,478,57,48,0.25007572770118713,6,-1,-1
128,-1,0,471,84,66,0.5219759345054626,6,-1,-1
128,-1,1,526,2143,772,0.49143853783607483,11,-1,-1
128,-1,2,517,2146,810,0.46685341000556946,6,-1,-1
128,-1,1272,496,146,82,0.4267708659172058,6,-1,-1
128,-1,1273,497,143,81,0.4191175699234009,9,-1,-1
68,-1,2460,1061,204,90,0.8020056486129761,4,-1,-1
68,-1,3,505,2328,717,0.6831722855567932,11,-1,-1
68,-1,1835,453,101,102,0.6569764018058777,6,-1,-1
68,-1,311,445,106,59,0.6544113159179688,6,-1,-1
68,-1,148,546,64,48,0.6406986713409424,4,-1,-1
68,-1,340,530,55,33,0.31703752279281616,4,-1,-1
68,-1,2147,467,70,59,0.31544387340545654,6,-1,-1
68,-1,71,414,85,40,0.2715475857257843,6,-1,-1
234,-1,2044,1144,214,114,0.8280301690101624,4,-1,-1
234,-1,2518,1203,201,106,0.6622303128242493,4,-1,-1
234,-1,4,464,2041,806,0.6236647963523865,11,-1,-1
234,-1,2098,829,141,54,0.4348805844783783,4,-1,-1
124,-1,5,527,2155,771,0.7421619296073914,11,-1,-1
124,-1,1308,491,143,80,0.4796605110168457,9,-1,-1
124,-1,0,470,87,64,0.34251439571380615,6,-1,-1
124,-1,1308,492,145,79,0.2854444980621338,6,-1,-1
124,-1,1352,493,100,78,0.2501440644264221,9,-1,-1
126,-1,0,514,2167,781,0.5555192828178406,11,-1,-1
126,-1,1286,496,147,80,0.4834809899330139,9,-1,-1
126,-1,1290,496,142,79,0.4188782274723053,6,-1,-1
126,-1,0,470,85,66,0.3824760913848877,9,-1,-1
126,-1,0,469,85,66,0.31463122367858887,6,-1,-1
126,-1,1616,479,70,46,0.30638355016708374,6,-1,-1
262,-1,4,473,2051,799,0.8657931089401245,11,-1,-1
47,-1,1663,876,140,66,0.7832496166229248,4,-1,-1
47,-1,1,508,2337,727,0.7337468862533569,11,-1,-1
47,-1,10,511,56,40,0.6277145743370056,4,-1,-1
47,-1,327,449,102,59,0.6048498153686523,6,-1,-1
47,-1,2144,1075,199,95,0.6012879014015198,4,-1,-1
47,-1,197,562,59,33,0.5832110047340393,4,-1,-1
47,-1,292,568,52,26,0.5539634227752686,4,-1,-1
47,-1,1576,529,126,66,0.5031008720397949,6,-1,-1
47,-1,1916,451,51,57,0.4960814416408539,6,-1,-1
47,-1,2017,474,190,73,0.3258016109466553,6,-1,-1
18,-1,2,524,1997,642,0.7908003926277161,11,-1,-1
18,-1,0,458,57,60,0.4572959840297699,6,-1,-1
18,-1,1451,438,242,153,0.4192143678665161,11,-1,-1
160,-1,866,528,201,106,0.8290325999259949,9,-1,-1
160,-1,1491,1014,170,98,0.6667557954788208,4,-1,-1
160,-1,1206,975,176,122,0.6029345393180847,4,-1,-1
160,-1,10,535,2053,780,0.4555150270462036,11,-1,-1
160,-1,2167,946,140,56,0.348195880651474,4,-1,-1
177,-1,619,561,243,124,0.871425449848175,9,-1,-1
177,-1,2223,1164,224,122,0.7334161996841431,4,-1,-1
177,-1,1925,1129,234,160,0.6639537215232849,6,-1,-1
177,-1,5,522,2076,823,0.6138498187065125,11,-1,-1
123,-1,2,512,2161,799,0.7639191746711731,11,-1,-1
123,-1,1320,493,139,80,0.6421811580657959,6,-1,-1
123,-1,0,469,90,64,0.3679487109184265,6,-1,-1
29,-1,4,507,2220,674,0.5715676546096802,11,-1,-1
29,-1,201,445,105,64,0.45004990696907043,6,-1,-1
29,-1,1172,567,142,76,0.4311170279979706,6,-1,-1
29,-1,1763,472,205,96,0.3312492370605469,6,-1,-1
194,-1,245,543,321,149,0.8588433265686035,9,-1,-1
194,-1,4,452,2040,824,0.44589895009994507,6,-1,-1
194,-1,11,477,2034,803,0.3557775318622589,11,-1,-1
44,-1,2,475,2354,740,0.7066077589988708,11,-1,-1
44,-1,1579,855,130,63,0.7018768787384033,4,-1,-1
44,-1,330,449,100,59,0.5784658193588257,6,-1,-1
44,-1,266,558,50,27,0.5748660564422607,4,-1,-1
44,-1,174,552,60,37,0.5538597702980042,4,-1,-1
44,-1,2033,1050,187,88,0.4822619557380676,4,-1,-1
44,-1,0,495,47,47,0.47737428545951843,4,-1,-1
44,-1,1913,449,59,58,0.39887741208076477,6,-1,-1
44,-1,1538,532,122,68,0.3175409734249115,6,-1,-1
44,-1,2003,477,186,74,0.2632324695587158,11,-1,-1
217,-1,1614,1004,195,83,0.8302650451660156,4,-1,-1
217,-1,1295,967,156,85,0.8119350671768188,4,-1,-1
217,-1,4,479,2065,789,0.7365394234657288,11,-1,-1
217,-1,1683,764,192,97,0.4937048852443695,6,-1,-1
217,-1,2573,892,146,57,0.40440359711647034,4,-1,-1
197,-1,164,550,336,158,0.919413685798645,9,-1,-1
197,-1,15,477,2035,805,0.28605130314826965,11,-1,-1
52,-1,1821,915,154,65,0.7396597862243652,4,-1,-1
52,-1,325,448,103,61,0.6623979806900024,6,-1,-1
52,-1,1,510,2306,716,0.6475386023521423,11,-1,-1
52,-1,2349,1133,218,98,0.6077132225036621,4,-1,-1
52,-1,237,571,61,39,0.5947645902633667,4,-1,-1
52,-1,2053,474,182,70,0.5575750470161438,6,-1,-1
52,-1,1903,452,65,58,0.5077840089797974,6,-1,-1
52,-1,44,520,55,42,0.444241464138031,4,-1,-1
52,-1,82,417,83,45,0.3619902431964874,6,-1,-1
52,-1,1653,524,106,58,0.33975446224212646,6,-1,-1
239,-1,2340,1212,234,124,0.8796671628952026,4,-1,-1
239,-1,1997,914,169,76,0.7446985840797424,4,-1,-1
239,-1,8,473,2021,801,0.722318708896637,11,-1,-1
239,-1,1968,809,141,53,0.5571653842926025,4,-1,-1
239,-1,2447,897,165,54,0.3392286002635956,4,-1,-1
239,-1,0,609,33,35,0.32263538241386414,4,-1,-1
86,-1,6,505,2271,759,0.7663810849189758,11,-1,-1
86,-1,1699,474,103,64,0.6997212767601013,6,-1,-1
86,-1,33,525,46,26,0.5700992345809937,4,-1,-1
86,-1,9,363,270,159,0.441805362701416,11,-1,-1
86,-1,134,615,75,59,0.41391944885253906,6,-1,-1
86,-1,134,615,75,59,0.366521954536438,4,-1,-1
86,-1,2174,485,59,54,0.3229047358036041,6,-1,-1
232,-1,1936,1122,207,109,0.8619163036346436,4,-1,-1
232,-1,2391,1174,256,120,0.8305832743644714,4,-1,-1
232,-1,2279,969,187,82,0.7238671779632568,4,-1,-1
232,-1,2150,834,150,60,0.6861669421195984,4,-1,-1
232,-1,4,457,2039,809,0.5040105581283569,6,-1,-1
232,-1,2653,931,65,41,0.4952195882797241,4,-1,-1
232,-1,4,469,2033,806,0.4511784315109253,11,-1,-1
232,-1,652,492,20,57,0.3064958453178406,1,-1,-1
38,-1,6,494,2371,678,0.7553659081459045,11,-1,-1
38,-1,332,447,101,60,0.5740746259689331,6,-1,-1
38,-1,1833,997,170,84,0.5021905899047852,4,-1,-1
38,-1,1425,821,117,60,0.5011553764343262,4,-1,-1
38,-1,1441,550,133,64,0.5001828670501709,6,-1,-1
38,-1,40,489,48,25,0.35108789801597595,4,-1,-1
38,-1,132,541,56,31,0.2816895544528961,4,-1,-1
71,-1,3,490,2336,749,0.7565507888793945,11,-1,-1
71,-1,167,553,64,52,0.727985680103302,4,-1,-1
71,-1,308,445,104,61,0.6874515414237976,6,-1,-1
71,-1,66,412,87,44,0.41917118430137634,6,-1,-1
71,-1,2616,1099,103,74,0.34757065773010254,4,-1,-1
71,-1,1843,454,89,55,0.31529417634010315,6,-1,-1
71,-1,1846,454,119,98,0.2964712083339691,6,-1,-1
118,-1,7,514,2236,800,0.6786184310913086,11,-1,-1
118,-1,1434,488,131,79,0.5534018278121948,9,-1,-1
118,-1,77,466,106,64,0.48739534616470337,6,-1,-1
118,-1,1433,488,131,78,0.472904771566391,6,-1,-1
51,-1,0,510,2321,718,0.6910377144813538,11,-1,-1
51,-1,325,448,103,61,0.6623493432998657,6,-1,-1
51,-1,1786,908,150,66,0.6575645804405212,4,-1,-1
51,-1,2308,1120,212,107,0.6051053404808044,4,-1,-1
51,-1,1906,452,63,60,0.5695005655288696,6,-1,-1
51,-1,2047,475,179,68,0.42426151037216187,6,-1,-1
51,-1,38,520,57,40,0.4151935875415802,4,-1,-1
51,-1,1634,527,111,57,0.4113355278968811,6,-1,-1
51,-1,37,520,58,40,0.36548566818237305,6,-1,-1
51,-1,82,418,84,44,0.3533896505832672,6,-1,-1
51,-1,229,570,61,36,0.30995041131973267,4,-1,-1
12,-1,4,521,2017,651,0.8145266771316528,11,-1,-1
12,-1,551,624,216,96,0.639156699180603,6,-1,-1
12,-1,0,457,59,62,0.3959876298904419,6,-1,-1
12,-1,1405,487,243,112,0.3720831274986267,11,-1,-1
245,-1,7,468,2048,807,0.7839803695678711,11,-1,-1
245,-1,1832,784,133,56,0.6663591861724854,4,-1,-1
245,-1,1780,875,160,70,0.5582449436187744,4,-1,-1
245,-1,2279,870,161,58,0.4559484124183655,4,-1,-1
88,-1,4,514,2224,752,0.7254002094268799,11,-1,-1
88,-1,1654,475,105,65,0.616929292678833,6,-1,-1
88,-1,97,626,83,60,0.5938229560852051,4,-1,-1
88,-1,124,468,107,60,0.5878381729125977,6,-1,-1
88,-1,2149,486,57,52,0.34296533465385437,6,-1,-1
213,-1,1166,936,144,82,0.8187726736068726,4,-1,-1
213,-1,1455,965,175,85,0.8146692514419556,4,-1,-1
213,-1,6,473,2090,803,0.5332277417182922,11,-1,-1
213,-1,1779,779,195,102,0.5024831295013428,6,-1,-1
213,-1,0,616,45,126,0.4925389885902405,6,-1,-1
190,-1,350,529,295,143,0.9022218585014343,9,-1,-1
190,-1,2653,1226,65,155,0.4330158531665802,6,-1,-1
190,-1,9,479,2047,807,0.3975299596786499,11,-1,-1
190,-1,2372,858,238,117,0.3849577307701111,6,-1,-1
158,-1,889,528,197,101,0.8570181727409363,9,-1,-1
158,-1,1423,999,163,91,0.6788331866264343,4,-1,-1
158,-1,1,523,2053,799,0.5962252020835876,11,-1,-1
158,-1,1140,960,171,121,0.5433050990104675,4,-1,-1
158,-1,2569,1212,149,76,0.4559711515903473,4,-1,-1
158,-1,1139,959,171,122,0.430118590593338,6,-1,-1
158,-1,2233,955,145,64,0.4099534749984741,4,-1,-1
4,-1,6,513,2012,664,0.7959001660346985,11,-1,-1
4,-1,1302,492,281,132,0.5222231149673462,6,-1,-1
4,-1,283,672,256,99,0.49301716685295105,6,-1,-1
4,-1,1299,494,284,131,0.33226659893989563,11,-1,-1
4,-1,0,457,64,63,0.3162946105003357,6,-1,-1
4,-1,1541,434,97,61,0.2738911807537079,6,-1,-1
87,-1,6,512,2246,758,0.7685452699661255,11,-1,-1
87,-1,149,466,105,60,0.6217156648635864,6,-1,-1
87,-1,1675,474,109,66,0.5896393060684204,6,-1,-1
87,-1,0,524,41,29,0.5460718274116516,4,-1,-1
87,-1,114,621,76,60,0.4612402617931366,4,-1,-1
90,-1,7,511,2226,765,0.7379345893859863,11,-1,-1
90,-1,109,467,110,65,0.5755295753479004,6,-1,-1
90,-1,1632,478,108,67,0.5292467474937439,6,-1,-1
90,-1,93,634,90,54,0.4576714038848877,4,-1,-1
32,-1,277,448,103,61,0.6270274519920349,6,-1,-1
32,-1,1290,563,149,71,0.6230512857437134,6,-1,-1
32,-1,6,516,2301,659,0.6066925525665283,11,-1,-1
32,-1,113,538,51,27,0.4431426525115967,4,-1,-1
32,-1,1850,474,209,98,0.4419093430042267,6,-1,-1
32,-1,19,497,43,23,0.35003918409347534,4,-1,-1
167,-1,770,544,223,108,0.8745331764221191,9,-1,-1
167,-1,1757,1074,192,112,0.8471269607543945,4,-1,-1
167,-1,1949,914,130,58,0.6448366641998291,4,-1,-1
167,-1,8,554,2050,783,0.5404402613639832,11,-1,-1
167,-1,1464,1034,200,141,0.5220760703086853,6,-1,-1
167,-1,1464,1034,201,141,0.41659843921661377,4,-1,-1
8,-1,3,508,1993,668,0.7571184039115906,11,-1,-1
8,-1,421,646,237,101,0.686732292175293,6,-1,-1
8,-1,1351,484,266,126,0.5128188729286194,6,-1,-1
8,-1,0,457,64,62,0.44371312856674194,6,-1,-1
8,-1,1571,433,76,55,0.2518729865550995,6,-1,-1
236,-1,2159,1169,216,117,0.8577271699905396,4,-1,-1
236,-1,2114,939,178,79,0.7730131149291992,4,-1,-1
236,-1,2045,820,141,53,0.6997671723365784,4,-1,-1
236,-1,2532,906,172,59,0.6901933550834656,4,-1,-1
236,-1,6,459,2032,809,0.6772929430007935,11,-1,-1
236,-1,2652,1231,66,87,0.2942379415035248,4,-1,-1
166,-1,785,541,219,109,0.7942141890525818,9,-1,-1
166,-1,1716,1066,187,103,0.6660563349723816,4,-1,-1
166,-1,1423,1027,199,144,0.6199371814727783,6,-1,-1
166,-1,1977,918,133,56,0.5793439149856567,4,-1,-1
166,-1,8,543,2041,793,0.542584240436554,11,-1,-1
