237,-1,2216,1184,228,119,0.853327751159668,4,-1,-1
237,-1,2075,931,177,76,0.7709054946899414,4,-1,-1
237,-1,2020,817,140,54,0.7177918553352356,4,-1,-1
237,-1,3,447,2051,805,0.6687002778053284,11,-1,-1
237,-1,2503,904,170,52,0.6225066184997559,4,-1,-1
196,-1,194,548,330,156,0.9046682715415955,9,-1,-1
196,-1,2,436,2120,839,0.5173410773277283,11,-1,-1
60,-1,2108,978,176,81,0.8427643179893494,4,-1,-1
60,-1,320,446,100,64,0.6517471671104431,6,-1,-1
60,-1,425,553,54,32,0.5846830010414124,4,-1,-1
60,-1,299,587,58,36,0.5421929955482483,4,-1,-1
60,-1,99,538,59,42,0.47820231318473816,4,-1,-1
60,-1,3,506,2329,708,0.44320356845855713,11,-1,-1
60,-1,1887,455,65,53,0.2682349383831024,6,-1,-1
92,-1,0,516,2238,781,0.5889567732810974,11,-1,-1
92,-1,1620,478,110,64,0.5720725059509277,6,-1,-1
92,-1,103,462,109,67,0.38645291328430176,6,-1,-1
180,-1,565,561,254,126,0.8865885138511658,9,-1,-1
180,-1,2379,1191,240,130,0.8629728555679321,4,-1,-1
180,-1,2076,1152,249,178,0.44328153133392334,4,-1,-1
180,-1,2076,1153,249,177,0.426509827375412,6,-1,-1
180,-1,3,500,2112,832,0.3681612014770508,11,-1,-1
180,-1,2675,956,43,84,0.2906535863876343,6,-1,-1
20,-1,1484,461,240,128,0.6045042872428894,11,-1,-1
20,-1,787,591,187,87,0.5076757669448853,6,-1,-1
20,-1,0,455,78,65,0.3936581611633301,11,-1,-1
20,-1,0,478,2062,707,0.37103337049484253,11,-1,-1
151,-1,2184,1128,203,96,0.7996573448181152,4,-1,-1
151,-1,2483,988,154,64,0.7336158752441406,4,-1,-1
151,-1,1215,949,145,87,0.5753175020217896,4,-1,-1
151,-1,974,518,183,96,0.5193163752555847,9,-1,-1
151,-1,925,919,159,104,0.3410848379135132,6,-1,-1
151,-1,975,518,183,96,0.3378134071826935,6,-1,-1
249,-1,3,441,2050,819,0.7588814496994019,11,-1,-1
249,-1,1647,851,153,67,0.7178435921669006,4,-1,-1
249,-1,2172,860,149,54,0.68421870470047,4,-1,-1
249,-1,1742,769,129,53,0.6328746676445007,4,-1,-1
17,-1,0,500,2040,683,0.6202202439308167,11,-1,-1
17,-1,1454,434,229,154,0.47567668557167053,11,-1,-1
17,-1,687,606,204,87,0.44773027300834656,6,-1,-1
62,-1,2188,997,181,84,0.8519283533096313,4,-1,-1
62,-1,1776,514,96,53,0.6070805191993713,6,-1,-1
62,-1,320,447,98,60,0.5957982540130615,6,-1,-1
62,-1,111,537,59,49,0.5211901068687439,4,-1,-1
62,-1,400,549,56,31,0.4572316110134125,4,-1,-1
62,-1,5,508,2361,706,0.38121864199638367,11,-1,-1
62,-1,2113,470,174,67,0.35035625100135803,6,-1,-1
62,-1,306,590,68,35,0.30675211548805237,4,-1,-1
62,-1,1879,456,68,54,0.28071534633636475,6,-1,-1
251,-1,1582,841,148,64,0.7156590819358826,4,-1,-1
251,-1,3,438,2048,810,0.6745089888572693,11,-1,-1
251,-1,2121,853,147,53,0.6174752116203308,4,-1,-1
251,-1,1700,762,127,54,0.5673582553863525,4,-1,-1
66,-1,2361,1035,199,91,0.8608934879302979,4,-1,-1
66,-1,137,542,63,48,0.6171613931655884,4,-1,-1
66,-1,316,443,101,59,0.5685673952102661,6,-1,-1
66,-1,6,512,2334,698,0.45472919940948486,11,-1,-1
66,-1,2137,463,173,67,0.33853697776794434,11,-1,-1
66,-1,1866,452,76,56,0.2936386168003082,6,-1,-1
66,-1,363,533,50,34,0.2685519754886627,4,-1,-1
2,-1,196,681,281,108,0.6349636316299438,6,-1,-1
2,-1,1296,498,271,123,0.46237871050834656,6,-1,-1
2,-1,3,505,2078,680,0.43691176176071167,11,-1,-1
179,-1,582,563,252,125,0.8780195116996765,9,-1,-1
179,-1,2327,1186,233,126,0.8253878951072693,4,-1,-1
179,-1,2025,1148,245,164,0.5760473608970642,4,-1,-1
157,-1,904,527,195,100,0.804744303226471,9,-1,-1
157,-1,1102,953,174,121,0.7804779410362244,4,-1,-1
157,-1,1390,991,162,92,0.7803922295570374,4,-1,-1
157,-1,2510,1198,208,103,0.6807828545570374,4,-1,-1
157,-1,2266,962,146,58,0.6717904806137085,4,-1,-1
103,-1,0,520,2227,790,0.5965915322303772,11,-1,-1
103,-1,1550,482,134,68,0.5443060994148254,6,-1,-1
103,-1,91,450,108,80,0.3199688792228699,6,-1,-1
169,-1,1842,1092,195,109,0.8426632285118103,4,-1,-1
169,-1,745,547,221,113,0.832297146320343,9,-1,-1
169,-1,1889,905,128,54,0.7652628421783447,4,-1,-1
169,-1,1548,1051,205,147,0.6696591973304749,4,-1,-1
174,-1,670,558,233,119,0.8668274879455566,9,-1,-1
174,-1,2074,1135,213,120,0.8562057018280029,4,-1,-1
174,-1,1775,1100,225,163,0.724914014339447,4,-1,-1
174,-1,1745,882,120,48,0.6588283181190491,4,-1,-1
242,-1,2534,1253,184,125,0.8602575659751892,4,-1,-1
242,-1,1888,897,163,70,0.7439975142478943,4,-1,-1
242,-1,1901,798,135,50,0.7308977246284485,4,-1,-1
242,-1,3,452,2043,799,0.6728437542915344,11,-1,-1
242,-1,2360,886,164,55,0.5482521653175354,4,-1,-1
3,-1,238,674,271,108,0.7246682047843933,6,-1,-1
3,-1,3,493,2059,688,0.6014472842216492,11,-1,-1
3,-1,1280,496,295,134,0.3875015377998352,11,-1,-1
3,-1,1290,496,285,139,0.37422773241996765,6,-1,-1
3,-1,1544,433,90,64,0.2812451720237732,6,-1,-1
3,-1,0,458,64,64,0.26560452580451965,11,-1,-1
165,-1,1674,1058,185,100,0.8535857796669006,4,-1,-1
165,-1,1383,1016,197,141,0.7964347004890442,4,-1,-1
165,-1,2010,925,136,55,0.6515694856643677,4,-1,-1
165,-1,799,537,217,112,0.5950242877006531,9,-1,-1
165,-1,801,539,215,109,0.3432677984237671,6,-1,-1
220,-1,1405,994,163,90,0.8514005541801453,4,-1,-1
220,-1,1749,1032,202,94,0.8446256518363953,4,-1,-1
220,-1,2486,882,168,58,0.7515650391578674,4,-1,-1
220,-1,6,451,2074,816,0.32254931330680847,11,-1,-1
205,-1,0,576,299,175,0.9265631437301636,9,-1,-1
205,-1,1974,805,205,114,0.47236281633377075,6,-1,-1
205,-1,2,463,2089,808,0.2760241627693176,11,-1,-1
222,-1,1842,1053,211,98,0.8753166794776917,4,-1,-1
222,-1,1478,1012,173,91,0.8515879511833191,4,-1,-1
222,-1,2429,872,161,59,0.6880241632461548,4,-1,-1
222,-1,7,443,2078,825,0.33765876293182373,11,-1,-1
250,-1,2,434,2056,814,0.7536522746086121,11,-1,-1
250,-1,1616,846,147,68,0.6301456689834595,4,-1,-1
250,-1,1722,772,128,48,0.6190334558486938,4,-1,-1
250,-1,2146,857,150,58,0.41907206177711487,4,-1,-1
111,-1,0,528,2236,785,0.5854775309562683,11,-1,-1
111,-1,1493,486,126,73,0.5413363575935364,6,-1,-1
111,-1,83,458,112,73,0.2787962555885315,6,-1,-1
77,-1,299,449,102,58,0.6681420803070068,6,-1,-1
77,-1,196,570,70,54,0.5760911107063293,4,-1,-1
77,-1,1828,460,88,60,0.5515090823173523,6,-1,-1
77,-1,3,487,2369,732,0.49464818835258484,11,-1,-1
77,-1,236,522,54,30,0.4753546416759491,4,-1,-1
77,-1,1941,500,81,48,0.33734551072120667,6,-1,-1
181,-1,2435,1192,243,136,0.8645375370979309,4,-1,-1
181,-1,547,551,257,130,0.8504383563995361,9,-1,-1
181,-1,2127,1153,254,183,0.6628252863883972,4,-1,-1
181,-1,2,463,2146,861,0.6589498519897461,11,-1,-1
181,-1,2643,933,75,90,0.32645487785339355,6,-1,-1
209,-1,1307,929,164,79,0.8202575445175171,4,-1,-1
209,-1,0,594,181,153,0.8015079498291016,9,-1,-1
209,-1,1037,909,142,75,0.7823677659034729,4,-1,-1
209,-1,1874,792,201,106,0.569115936756134,6,-1,-1
183,-1,508,533,264,134,0.8321143388748169,9,-1,-1
183,-1,2543,1195,175,134,0.7418947219848633,4,-1,-1
183,-1,2580,903,138,101,0.6348705291748047,6,-1,-1
183,-1,3,411,2139,911,0.49301356077194214,11,-1,-1
183,-1,2237,1158,261,189,0.4229912757873535,6,-1,-1
183,-1,2236,1157,262,188,0.4042258560657501,4,-1,-1
41,-1,1931,1022,175,85,0.831896960735321,4,-1,-1
41,-1,1498,837,127,61,0.6633195281028748,4,-1,-1
41,-1,328,448,102,57,0.6333609223365784,6,-1,-1
41,-1,1490,546,129,63,0.570980429649353,6,-1,-1
41,-1,0,502,30,38,0.4723687767982483,4,-1,-1
41,-1,243,553,50,30,0.41537582874298096,4,-1,-1
41,-1,154,547,55,35,0.35198140144348145,4,-1,-1
41,-1,5,527,2381,679,0.28745028376579285,11,-1,-1
41,-1,1929,450,47,48,0.25466296076774597,6,-1,-1
100,-1,0,537,2225,774,0.5152606964111328,11,-1,-1
100,-1,1569,482,129,65,0.47847551107406616,6,-1,-1
100,-1,96,461,108,70,0.25834134221076965,6,-1,-1
84,-1,1751,465,100,63,0.7556203007698059,6,-1,-1
84,-1,229,453,104,61,0.6801128387451172,6,-1,-1
84,-1,174,597,74,55,0.6274582743644714,4,-1,-1
84,-1,102,517,52,32,0.4085555374622345,4,-1,-1
84,-1,11,487,2347,763,0.28072014451026917,11,-1,-1
84,-1,1959,504,84,45,0.2649288773536682,6,-1,-1
171,-1,716,551,225,114,0.8875628113746643,9,-1,-1
171,-1,1928,1109,202,113,0.8847141861915588,4,-1,-1
171,-1,1829,894,122,54,0.7047557830810547,4,-1,-1
171,-1,1634,1070,214,152,0.6692495942115784,4,-1,-1
55,-1,1925,938,160,70,0.8538601398468018,4,-1,-1
55,-1,2483,1165,234,109,0.8019776344299316,4,-1,-1
55,-1,325,448,98,63,0.6458739042282104,6,-1,-1
55,-1,1689,520,111,59,0.547217845916748,6,-1,-1
55,-1,483,564,55,28,0.5183795094490051,4,-1,-1
55,-1,1900,452,61,56,0.46829715371131897,6,-1,-1
55,-1,63,524,58,46,0.4190458059310913,6,-1,-1
55,-1,3,518,2382,695,0.39460912346839905,11,-1,-1
55,-1,82,418,82,44,0.3211195468902588,6,-1,-1
55,-1,357,584,62,28,0.30108341574668884,4,-1,-1
153,-1,2285,1152,214,102,0.8242184519767761,4,-1,-1
153,-1,2408,979,153,64,0.7738733887672424,4,-1,-1
153,-1,1265,959,157,94,0.675817608833313,4,-1,-1
153,-1,984,931,162,106,0.6667957901954651,4,-1,-1
153,-1,948,521,188,97,0.6667428612709045,9,-1,-1
80,-1,293,449,99,61,0.6903961896896362,6,-1,-1
80,-1,1814,462,92,61,0.5697259306907654,6,-1,-1
80,-1,4,481,2377,746,0.5421816110610962,11,-1,-1
80,-1,210,579,66,53,0.430429071187973,4,-1,-1
80,-1,207,517,47,31,0.3931690752506256,4,-1,-1
80,-1,1964,502,84,48,0.26082977652549744,6,-1,-1
27,-1,1384,911,140,71,0.7006542086601257,4,-1,-1
27,-1,1091,572,159,76,0.5139214992523193,6,-1,-1
27,-1,150,449,104,62,0.5069525837898254,6,-1,-1
27,-1,1692,472,226,106,0.3728788495063782,6,-1,-1
27,-1,2638,1063,79,205,0.3508928120136261,11,-1,-1
140,-1,1727,1027,169,81,0.8123791217803955,4,-1,-1
140,-1,1133,508,165,87,0.7165042161941528,9,-1,-1
140,-1,4,525,2097,792,0.42646855115890503,11,-1,-1
191,-1,325,532,302,147,0.9011296033859253,9,-1,-1
191,-1,1,452,2099,825,0.7295227646827698,11,-1,-1
115,-1,1463,490,126,72,0.497318297624588,6,-1,-1
115,-1,0,533,2227,782,0.4933220446109772,11,-1,-1
115,-1,83,454,108,77,0.2855672538280487,6,-1,-1
76,-1,301,449,101,57,0.7021163702011108,6,-1,-1
76,-1,194,568,62,52,0.6889445781707764,4,-1,-1
76,-1,1831,458,87,60,0.6153594255447388,6,-1,-1
76,-1,3,475,2364,747,0.47012174129486084,11,-1,-1
76,-1,2201,470,177,66,0.2537389099597931,6,-1,-1
186,-1,442,520,278,139,0.7394102811813354,9,-1,-1
186,-1,2487,874,231,110,0.6443330645561218,6,-1,-1
186,-1,2403,1176,283,194,0.5750495791435242,6,-1,-1
186,-1,8,433,2105,852,0.47682616114616394,11,-1,-1
193,-1,275,537,313,151,0.8771712779998779,9,-1,-1
193,-1,2,455,2083,822,0.6845779418945312,11,-1,-1
108,-1,1,529,2236,781,0.5801683068275452,11,-1,-1
108,-1,1516,487,124,68,0.4676137864589691,6,-1,-1
108,-1,89,464,110,67,0.4322400987148285,6,-1,-1
25,-1,1298,896,133,70,0.6263197064399719,4,-1,-1
25,-1,1002,578,174,77,0.6235308647155762,6,-1,-1
25,-1,6,509,2163,682,0.43299922347068787,11,-1,-1
13,-1,579,619,217,99,0.6499054431915283,6,-1,-1
13,-1,0,497,2036,690,0.6296433806419373,11,-1,-1
13,-1,0,458,60,63,0.2850789725780487,11,-1,-1
13,-1,1424,484,232,88,0.25791579484939575,11,-1,-1
36,-1,1769,982,165,76,0.8145490288734436,4,-1,-1
36,-1,1375,811,114,54,0.5744868516921997,4,-1,-1
36,-1,57,488,38,26,0.4226556420326233,4,-1,-1
36,-1,335,447,100,59,0.4137137830257416,6,-1,-1
36,-1,3,539,2361,669,0.33017417788505554,11,-1,-1
36,-1,207,541,47,29,0.2758488655090332,4,-1,-1
36,-1,1403,551,146,70,0.27180027961730957,6,-1,-1
129,-1,4,506,2169,827,0.7960090637207031,11,-1,-1
129,-1,1263,502,147,79,0.6444559097290039,6,-1,-1
229,-1,1788,1085,194,106,0.8868581056594849,4,-1,-1
229,-1,2207,1135,245,114,0.8391786217689514,4,-1,-1
229,-1,2233,847,148,57,0.8148211240768433,4,-1,-1
229,-1,2413,994,200,84,0.8036827445030212,4,-1,-1
229,-1,6,454,2074,814,0.4760077893733978,11,-1,-1
40,-1,1897,1014,174,86,0.8332249522209167,4,-1,-1
40,-1,332,448,100,56,0.6934411525726318,6,-1,-1
40,-1,1474,546,132,64,0.570252537727356,6,-1,-1
40,-1,1472,831,123,60,0.5367949604988098,4,-1,-1
40,-1,0,499,22,37,0.5071327686309814,4,-1,-1
40,-1,237,552,48,29,0.4075632095336914,4,-1,-1
40,-1,146,546,53,34,0.3649762272834778,4,-1,-1
97,-1,0,530,2228,772,0.6371728181838989,11,-1,-1
97,-1,1588,479,118,67,0.585997998714447,6,-1,-1
97,-1,98,468,110,63,0.2590187191963196,6,-1,-1
216,-1,1259,960,156,83,0.8591747879981995,4,-1,-1
216,-1,1573,993,187,87,0.8294512629508972,4,-1,-1
216,-1,8,437,2072,833,0.5063725709915161,11,-1,-1
216,-1,1705,768,191,101,0.43362122774124146,6,-1,-1
142,-1,1795,1043,174,83,0.8516724109649658,4,-1,-1
142,-1,1100,510,167,88,0.8117650747299194,9,-1,-1
142,-1,4,526,2085,791,0.3626900911331177,11,-1,-1
142,-1,0,477,29,61,0.34051430225372314,6,-1,-1
91,-1,1628,477,106,65,0.6013004779815674,6,-1,-1
91,-1,0,521,2234,775,0.5856911540031433,11,-1,-1
63,-1,2230,1004,185,87,0.8495441675186157,4,-1,-1
63,-1,318,449,100,59,0.7194550037384033,6,-1,-1
63,-1,119,540,61,46,0.5262410044670105,4,-1,-1
63,-1,1876,454,73,55,0.4751695990562439,6,-1,-1
63,-1,5,514,2325,692,0.423650324344635,11,-1,-1
63,-1,1786,512,103,51,0.41142746806144714,6,-1,-1
63,-1,318,593,65,43,0.38933315873146057,4,-1,-1
211,-1,1098,924,145,77,0.8074796199798584,4,-1,-1
211,-1,1379,946,169,81,0.7889401912689209,4,-1,-1
211,-1,0,603,112,149,0.7401595115661621,6,-1,-1
211,-1,1822,784,200,106,0.48823046684265137,6,-1,-1
211,-1,0,600,113,151,0.3646949231624603,9,-1,-1
211,-1,3,441,2092,825,0.312265545129776,11,-1,-1
70,-1,2560,1085,158,86,0.8652037382125854,4,-1,-1
70,-1,162,552,60,49,0.621491551399231,4,-1,-1
70,-1,310,443,102,61,0.5987313389778137,6,-1,-1
70,-1,6,519,2344,691,0.34980055689811707,11,-1,-1
199,-1,106,552,348,166,0.8924162983894348,9,-1,-1
199,-1,4,428,2107,851,0.44396525621414185,11,-1,-1
199,-1,2126,827,216,108,0.4106597602367401,6,-1,-1
155,-1,2394,1175,221,104,0.8051811456680298,4,-1,-1
155,-1,1043,939,167,117,0.7626803517341614,4,-1,-1
155,-1,925,523,194,99,0.6370305418968201,9,-1,-1
155,-1,2337,972,145,56,0.6041899919509888,4,-1,-1
155,-1,1326,973,159,95,0.5908069014549255,4,-1,-1
243,-1,2604,1271,114,103,0.8565240502357483,4,-1,-1
243,-1,1853,889,159,72,0.7449630498886108,4,-1,-1
243,-1,1880,795,132,52,0.702106773853302,4,-1,-1
243,-1,3,449,2059,800,0.6121342182159424,11,-1,-1
243,-1,2331,882,163,56,0.550979733467102,4,-1,-1
187,-1,421,521,280,141,0.7747249007225037,9,-1,-1
187,-1,6,454,2076,828,0.7706563472747803,11,-1,-1
187,-1,2464,1187,254,197,0.7399824857711792,6,-1,-1
187,-1,2460,869,248,123,0.42644983530044556,6,-1,-1
81,-1,6,505,2371,724,0.66396564245224,11,-1,-1
81,-1,189,517,49,30,0.5358456373214722,4,-1,-1
81,-1,286,447,101,63,0.5147171020507812,6,-1,-1
81,-1,210,583,66,50,0.4217725396156311,4,-1,-1
81,-1,1805,463,94,59,0.3792991042137146,6,-1,-1
15,-1,636,615,206,88,0.5278491973876953,6,-1,-1
15,-1,0,498,2044,690,0.5161562561988831,11,-1,-1
15,-1,0,459,59,61,0.44261932373046875,11,-1,-1
15,-1,1417,436,253,164,0.3815057575702667,11,-1,-1
21,-1,825,588,186,85,0.47407808899879456,6,-1,-1
21,-1,1,489,2063,681,0.4162195026874542,11,-1,-1
21,-1,0,451,97,68,0.3846590518951416,11,-1,-1
14,-1,603,617,214,91,0.6407786011695862,6,-1,-1
14,-1,1,483,2051,705,0.5876418352127075,11,-1,-1
264,-1,1,442,2106,833,0.6497418880462646,11,-1,-1
120,-1,1390,492,138,75,0.6938909888267517,6,-1,-1
120,-1,2,523,2188,792,0.6779627203941345,11,-1,-1
170,-1,1886,1102,198,109,0.8665210008621216,4,-1,-1
170,-1,1590,1062,211,147,0.7563420534133911,4,-1,-1
170,-1,1858,900,127,54,0.7506147027015686,4,-1,-1
170,-1,731,547,225,116,0.7354544401168823,9,-1,-1
161,-1,1527,1021,169,100,0.7915081977844238,4,-1,-1
161,-1,1239,982,181,128,0.7556504011154175,4,-1,-1
161,-1,2137,942,136,60,0.673755407333374,4,-1,-1
161,-1,855,533,203,103,0.4209682047367096,6,-1,-1
161,-1,851,532,208,104,0.3737972378730774,9,-1,-1
256,-1,2,451,2086,814,0.48072218894958496,11,-1,-1
256,-1,1435,817,135,65,0.4512769281864166,4,-1,-1
256,-1,1996,840,144,54,0.27546632289886475,4,-1,-1
105,-1,0,526,2227,783,0.7128375172615051,11,-1,-1
105,-1,1536,483,165,70,0.3513363003730774,6,-1,-1
105,-1,91,462,109,71,0.33099469542503357,6,-1,-1
198,-1,133,551,345,164,0.8858689665794373,9,-1,-1
198,-1,5,429,2102,850,0.5218452215194702,11,-1,-1
198,-1,2153,830,217,112,0.45881590247154236,6,-1,-1
230,-1,2268,1148,250,113,0.899750828742981,4,-1,-1
230,-1,1837,1097,195,106,0.8636623024940491,4,-1,-1
230,-1,2204,843,148,57,0.807475209236145,4,-1,-1
230,-1,2366,984,195,86,0.7878747582435608,4,-1,-1
230,-1,6,462,2060,808,0.5066765546798706,11,-1,-1
136,-1,1593,994,160,73,0.7254634499549866,4,-1,-1
136,-1,2,507,2169,815,0.5790671110153198,11,-1,-1
136,-1,1195,505,157,84,0.5288594365119934,9,-1,-1
136,-1,1195,505,157,84,0.32865777611732483,6,-1,-1
255,-1,3,460,2062,794,0.5654803514480591,11,-1,-1
255,-1,2019,844,146,50,0.3595553934574127,4,-1,-1
67,-1,2409,1046,201,89,0.8803759813308716,4,-1,-1
67,-1,143,545,64,47,0.6761725544929504,4,-1,-1
67,-1,314,443,103,60,0.6206339597702026,6,-1,-1
67,-1,3,513,2338,692,0.36966878175735474,11,-1,-1
67,-1,349,534,55,31,0.3550523817539215,4,-1,-1
67,-1,1830,451,110,58,0.32995906472206116,6,-1,-1
67,-1,1828,452,110,100,0.32033398747444153,6,-1,-1
67,-1,2143,465,172,64,0.28001707792282104,6,-1,-1
67,-1,2143,464,172,65,0.2656765282154083,11,-1,-1
150,-1,2132,1117,200,94,0.7578651309013367,4,-1,-1
150,-1,2520,995,156,63,0.707075297832489,4,-1,-1
150,-1,985,518,183,93,0.5986529588699341,9,-1,-1
150,-1,987,519,182,92,0.39067786931991577,6,-1,-1
144,-1,1867,1056,179,87,0.8252086043357849,4,-1,-1
144,-1,1065,510,171,91,0.7272855639457703,9,-1,-1
144,-1,4,505,2090,799,0.28283682465553284,11,-1,-1
82,-1,1793,462,95,63,0.5854712724685669,6,-1,-1
82,-1,170,517,48,30,0.5732221007347107,4,-1,-1
82,-1,274,449,103,59,0.5672919750213623,6,-1,-1
82,-1,3,516,2339,711,0.5214890241622925,11,-1,-1
82,-1,208,586,70,54,0.3143606185913086,4,-1,-1
192,-1,302,536,306,148,0.9096497297286987,9,-1,-1
192,-1,2,458,2072,820,0.6937684416770935,11,-1,-1
58,-1,2033,963,167,78,0.8640563488006592,4,-1,-1
58,-1,322,447,99,64,0.6065526008605957,6,-1,-1
58,-1,282,585,59,33,0.5580899119377136,4,-1,-1
58,-1,446,556,55,31,0.5044165849685669,4,-1,-1
58,-1,2629,1200,89,82,0.4786090850830078,4,-1,-1
58,-1,84,534,57,43,0.4655832052230835,4,-1,-1
58,-1,1725,519,109,56,0.43920019268989563,6,-1,-1
58,-1,4,504,2344,711,0.3413800597190857,11,-1,-1
58,-1,1892,454,65,55,0.30245906114578247,6,-1,-1
58,-1,2089,472,177,68,0.254681259393692,11,-1,-1
6,-1,350,657,255,108,0.7107351422309875,6,-1,-1
6,-1,3,492,2044,680,0.514416515827179,11,-1,-1
6,-1,1351,490,246,105,0.3887571394443512,6,-1,-1
6,-1,0,459,63,63,0.28686660528182983,11,-1,-1
204,-1,0,573,326,173,0.9165598750114441,9,-1,-1
204,-1,2,441,2138,831,0.45394566655158997,11,-1,-1
204,-1,1999,808,207,116,0.28216585516929626,6,-1,-1
49,-1,2220,1098,215,100,0.8515869379043579,4,-1,-1
49,-1,1724,891,144,68,0.8382479548454285,4,-1,-1
49,-1,307,573,54,28,0.6465632915496826,4,-1,-1
49,-1,326,447,101,63,0.5178394913673401,6,-1,-1
49,-1,3,517,2367,696,0.48420459032058716,11,-1,-1
49,-1,214,566,55,33,0.4774356782436371,4,-1,-1
49,-1,25,514,55,42,0.45019009709358215,4,-1,-1
49,-1,2032,472,182,70,0.4338071942329407,6,-1,-1
49,-1,1907,452,64,58,0.3727823495864868,6,-1,-1
49,-1,1606,530,124,57,0.2957804501056671,6,-1,-1
104,-1,1542,483,124,68,0.628872275352478,6,-1,-1
104,-1,0,529,2231,780,0.6190516948699951,11,-1,-1
104,-1,92,460,108,71,0.3523830473423004,6,-1,-1
258,-1,4,440,2087,837,0.6334000825881958,11,-1,-1
258,-1,1946,840,144,51,0.4642309248447418,4,-1,-1
227,-1,1695,1063,185,102,0.8613451719284058,4,-1,-1
227,-1,2100,1109,231,112,0.8515980839729309,4,-1,-1
227,-1,2504,1008,203,91,0.7262517809867859,4,-1,-1
227,-1,2286,855,155,56,0.6716548204421997,4,-1,-1
227,-1,7,430,2080,839,0.464193195104599,11,-1,-1
56,-1,1960,946,164,73,0.8474369645118713,4,-1,-1
56,-1,2532,1174,186,110,0.599118709564209,4,-1,-1
56,-1,323,447,100,63,0.5586561560630798,6,-1,-1
56,-1,270,579,58,36,0.512584388256073,4,-1,-1
56,-1,3,515,2409,693,0.46949437260627747,11,-1,-1
56,-1,1898,452,62,55,0.4347917139530182,6,-1,-1
56,-1,72,529,55,45,0.4117223918437958,6,-1,-1
56,-1,1701,521,108,55,0.3887607753276825,6,-1,-1
56,-1,470,561,55,31,0.3283150792121887,4,-1,-1
162,-1,1560,1034,175,95,0.8329949975013733,4,-1,-1
162,-1,1277,991,181,132,0.8236036896705627,4,-1,-1
162,-1,840,533,208,110,0.7334803342819214,9,-1,-1
162,-1,2107,938,133,56,0.68729168176651,4,-1,-1
127,-1,2,520,2148,801,0.7476741075515747,11,-1,-1
127,-1,1316,498,111,79,0.46530964970588684,6,-1,-1
127,-1,1283,499,127,79,0.37771257758140564,6,-1,-1
127,-1,0,470,82,67,0.2602563202381134,9,-1,-1
122,-1,2,513,2184,800,0.6762084364891052,11,-1,-1
122,-1,1337,494,141,75,0.44042178988456726,6,-1,-1
163,-1,1599,1039,177,101,0.8109158277511597,4,-1,-1
163,-1,1309,1000,190,132,0.7633433938026428,4,-1,-1
163,-1,2076,933,132,57,0.7036164999008179,4,-1,-1
163,-1,831,534,206,110,0.528703510761261,9,-1,-1
163,-1,831,537,208,106,0.49880266189575195,6,-1,-1
59,-1,2071,972,170,79,0.8567773103713989,4,-1,-1
59,-1,321,447,100,64,0.5970263481140137,6,-1,-1
59,-1,292,589,51,30,0.5365455746650696,4,-1,-1
59,-1,92,535,57,44,0.461504727602005,4,-1,-1
59,-1,4,505,2333,711,0.41835761070251465,11,-1,-1
59,-1,434,556,57,31,0.3602933883666992,4,-1,-1
59,-1,1739,516,105,54,0.31356221437454224,6,-1,-1
59,-1,2090,471,184,69,0.29240503907203674,11,-1,-1
221,-1,1795,1042,205,96,0.8734384179115295,4,-1,-1
221,-1,1442,1003,165,93,0.8451524376869202,4,-1,-1
221,-1,2455,878,169,60,0.5595401525497437,4,-1,-1
221,-1,1595,751,182,98,0.3696841299533844,6,-1,-1
221,-1,3,457,2102,801,0.2658957242965698,11,-1,-1
200,-1,73,558,357,166,0.9023858904838562,9,-1,-1
200,-1,2102,824,215,110,0.4398025870323181,6,-1,-1
200,-1,5,428,2107,851,0.43277305364608765,11,-1,-1
116,-1,1452,490,132,72,0.538704514503479,6,-1,-1
116,-1,3,526,2233,788,0.5209104418754578,11,-1,-1
116,-1,82,462,109,69,0.4395889937877655,6,-1,-1
253,-1,1522,827,142,70,0.7654839754104614,4,-1,-1
253,-1,2,437,2058,812,0.5924704074859619,11,-1,-1
253,-1,2068,848,148,58,0.5577070116996765,4,-1,-1
253,-1,1658,750,133,59,0.5058066248893738,4,-1,-1
261,-1,5,453,2067,826,0.566210150718689,11,-1,-1
261,-1,1874,830,141,57,0.46166539192199707,4,-1,-1
261,-1,1294,801,116,59,0.26074373722076416,4,-1,-1
244,-1,1819,882,155,69,0.7377484440803528,4,-1,-1
244,-1,3,437,2082,821,0.7202848792076111,11,-1,-1
244,-1,1854,791,132,50,0.6769388318061829,4,-1,-1
244,-1,2305,876,160,53,0.5815321207046509,4,-1,-1
244,-1,2677,1288,41,88,0.4341742694377899,4,-1,-1
235,-1,2095,1157,225,118,0.8689430952072144,4,-1,-1
235,-1,2581,1215,137,98,0.845399022102356,4,-1,-1
235,-1,2071,825,145,55,0.7580685615539551,4,-1,-1
235,-1,2154,945,180,81,0.745121955871582,4,-1,-1
235,-1,3,451,2044,802,0.6210508346557617,11,-1,-1
235,-1,2562,911,156,42,0.40111446380615234,4,-1,-1
146,-1,1944,1076,187,87,0.8214856386184692,4,-1,-1
146,-1,1031,513,177,90,0.8030892014503479,9,-1,-1
146,-1,2,501,2093,802,0.3167728781700134,11,-1,-1
72,-1,310,447,98,60,0.6400914192199707,6,-1,-1
72,-1,2672,1115,46,62,0.5803571343421936,4,-1,-1
72,-1,298,525,48,34,0.4452814757823944,4,-1,-1
72,-1,170,559,63,50,0.4389423131942749,4,-1,-1
72,-1,1842,455,86,57,0.3384726643562317,6,-1,-1
72,-1,6,480,2350,747,0.2945352792739868,11,-1,-1
73,-1,308,447,100,60,0.6763343811035156,6,-1,-1
73,-1,177,562,65,49,0.6738907694816589,4,-1,-1
73,-1,3,528,2338,698,0.5509492754936218,11,-1,-1
73,-1,1839,457,88,56,0.2908667325973511,6,-1,-1
152,-1,2443,985,155,65,0.7798301577568054,4,-1,-1
152,-1,2233,1141,206,100,0.775677502155304,4,-1,-1
152,-1,1244,956,146,87,0.6964448094367981,4,-1,-1
152,-1,964,520,185,96,0.511879563331604,6,-1,-1
152,-1,952,925,163,105,0.4621734023094177,4,-1,-1
152,-1,965,521,184,94,0.36701011657714844,9,-1,-1
152,-1,953,922,161,110,0.29830610752105713,6,-1,-1
172,-1,1975,1118,205,116,0.8443428874015808,4,-1,-1
172,-1,699,551,228,117,0.8420724868774414,9,-1,-1
172,-1,1680,1081,217,152,0.7297594547271729,4,-1,-1
172,-1,1797,890,125,52,0.57149338722229,4,-1,-1
106,-1,0,535,2230,776,0.7479044795036316,11,-1,-1
106,-1,1528,486,125,68,0.36073818802833557,6,-1,-1
252,-1,2,440,2051,808,0.7305659055709839,11,-1,-1
252,-1,1552,834,144,68,0.6469177603721619,4,-1,-1
252,-1,2096,852,149,53,0.5655816197395325,4,-1,-1
252,-1,1678,754,127,58,0.49655231833457947,4,-1,-1
79,-1,295,450,101,58,0.6875324845314026,6,-1,-1
79,-1,1821,462,89,59,0.6432675719261169,6,-1,-1
79,-1,206,575,68,54,0.5956274271011353,4,-1,-1
79,-1,3,503,2373,722,0.4858522415161133,11,-1,-1
79,-1,219,519,49,30,0.35138973593711853,4,-1,-1
185,-1,465,523,272,135,0.8447508811950684,9,-1,-1
185,-1,2662,1206,56,82,0.6819996237754822,4,-1,-1
185,-1,2347,1166,274,196,0.6488258242607117,6,-1,-1
185,-1,2516,881,202,108,0.3010912537574768,6,-1,-1
185,-1,8,438,2105,850,0.27338340878486633,11,-1,-1
109,-1,1,530,2232,782,0.7024826407432556,11,-1,-1
109,-1,1508,486,125,70,0.3589940369129181,6,-1,-1
109,-1,86,454,109,79,0.28614529967308044,6,-1,-1
46,-1,2105,1067,196,95,0.8362183570861816,4,-1,-1
46,-1,1634,868,139,65,0.7991348505020142,4,-1,-1
46,-1,331,449,96,60,0.6641049981117249,6,-1,-1
46,-1,1564,532,125,67,0.4496241509914398,6,-1,-1
46,-1,5,512,2363,695,0.41404712200164795,11,-1,-1
46,-1,194,559,55,35,0.38636767864227295,4,-1,-1
46,-1,285,564,47,29,0.3739517331123352,4,-1,-1
46,-1,1,511,59,38,0.3059009909629822,4,-1,-1
46,-1,1918,452,51,53,0.29427477717399597,6,-1,-1
46,-1,2014,471,183,78,0.2835151255130768,6,-1,-1
121,-1,5,496,2229,833,0.7191258072853088,11,-1,-1
121,-1,1362,493,142,77,0.4662114083766937,6,-1,-1
121,-1,11,465,112,67,0.3179389238357544,6,-1,-1
69,-1,2507,1070,211,95,0.85479336977005,4,-1,-1
69,-1,156,550,61,47,0.6603946089744568,4,-1,-1
69,-1,314,444,100,59,0.5990207195281982,6,-1,-1
69,-1,336,532,42,32,0.3807321786880493,4,-1,-1
69,-1,7,508,2350,701,0.32710927724838257,11,-1,-1
9,-1,452,641,236,98,0.5132725238800049,6,-1,-1
9,-1,1377,484,248,112,0.41403117775917053,6,-1,-1
9,-1,3,502,2044,668,0.3565950095653534,11,-1,-1
210,-1,1066,915,143,78,0.8007166385650635,4,-1,-1
210,-1,1341,937,168,82,0.7910729050636292,4,-1,-1
210,-1,0,594,146,155,0.6268296241760254,6,-1,-1
210,-1,1852,790,195,103,0.40804821252822876,6,-1,-1
210,-1,0,596,147,153,0.34106042981147766,9,-1,-1
210,-1,3,450,2078,819,0.330876886844635,11,-1,-1
148,-1,2037,1093,193,95,0.8102574944496155,4,-1,-1
148,-1,1009,513,177,95,0.774067759513855,9,-1,-1
148,-1,926,949,73,48,0.29433736205101013,4,-1,-1
188,-1,5,455,2076,826,0.6966725587844849,11,-1,-1
188,-1,2528,1200,190,180,0.6155876517295837,6,-1,-1
188,-1,399,523,285,143,0.5128584504127502,9,-1,-1
188,-1,2429,864,247,131,0.3808695673942566,6,-1,-1
188,-1,400,523,285,144,0.30451005697250366,6,-1,-1
263,-1,3,458,2072,816,0.584274411201477,11,-1,-1
240,-1,2401,1225,249,132,0.8685596585273743,4,-1,-1
240,-1,1964,909,164,74,0.8033901453018188,4,-1,-1
240,-1,2418,893,164,60,0.7683025598526001,4,-1,-1
240,-1,1948,805,136,54,0.743238627910614,4,-1,-1
240,-1,3,445,2047,808,0.6883147954940796,11,-1,-1
64,-1,2272,1012,192,86,0.8599532246589661,4,-1,-1
64,-1,317,445,102,60,0.637662947177887,6,-1,-1
64,-1,126,541,58,45,0.5033075213432312,4,-1,-1
64,-1,1874,453,70,56,0.47029611468315125,6,-1,-1
64,-1,5,498,2329,709,0.41916003823280334,11,-1,-1
64,-1,388,541,47,33,0.37440216541290283,4,-1,-1
64,-1,2127,464,172,69,0.33281123638153076,6,-1,-1
64,-1,1798,508,97,50,0.2999255359172821,6,-1,-1
134,-1,1214,504,156,85,0.7528604865074158,6,-1,-1
134,-1,1521,977,157,75,0.7187979817390442,4,-1,-1
134,-1,2,508,2171,812,0.35255348682403564,11,-1,-1
134,-1,0,472,79,65,0.2741909623146057,9,-1,-1
206,-1,0,579,270,176,0.9090451002120972,9,-1,-1
206,-1,1950,803,202,110,0.4371621310710907,6,-1,-1
206,-1,2,450,2096,821,0.30536749958992004,11,-1,-1
54,-1,2438,1152,233,112,0.8575525283813477,4,-1,-1
54,-1,1888,929,157,73,0.8402455449104309,4,-1,-1
54,-1,323,448,101,63,0.6563051342964172,6,-1,-1
54,-1,58,524,57,44,0.5585604906082153,4,-1,-1
54,-1,1901,452,63,55,0.44788095355033875,6,-1,-1
54,-1,495,564,53,31,0.43615925312042236,4,-1,-1
54,-1,2058,471,184,75,0.3875454366207123,11,-1,-1
54,-1,252,577,59,37,0.36878836154937744,4,-1,-1
54,-1,82,418,82,43,0.34202489256858826,6,-1,-1
54,-1,4,520,2373,690,0.3375864624977112,11,-1,-1
54,-1,350,582,59,29,0.32958874106407166,4,-1,-1
54,-1,1672,523,122,57,0.2673003673553467,6,-1,-1
223,-1,1890,1064,214,100,0.8695793151855469,4,-1,-1
223,-1,1521,1022,174,98,0.8680381774902344,4,-1,-1
223,-1,2400,871,159,57,0.6347160339355469,4,-1,-1
223,-1,7,447,2078,821,0.5540986657142639,11,-1,-1
223,-1,2697,1053,21,52,0.5011794567108154,4,-1,-1
89,-1,0,519,2216,763,0.5308001637458801,11,-1,-1
89,-1,1638,476,109,66,0.49337711930274963,6,-1,-1
89,-1,108,432,109,96,0.3611031174659729,6,-1,-1
89,-1,94,632,82,56,0.27062493562698364,6,-1,-1
202,-1,10,564,370,168,0.9163439273834229,9,-1,-1
202,-1,2,439,2149,835,0.6246504783630371,11,-1,-1
241,-1,2466,1240,252,128,0.9002382159233093,4,-1,-1
241,-1,1922,801,137,54,0.7437264323234558,4,-1,-1
241,-1,1924,902,164,72,0.7391976118087769,4,-1,-1
241,-1,2386,891,166,59,0.6714684963226318,4,-1,-1
241,-1,3,443,2056,808,0.626349151134491,11,-1,-1
85,-1,1723,468,103,64,0.5717374086380005,6,-1,-1
85,-1,3,506,2332,755,0.48698675632476807,11,-1,-1
85,-1,67,522,48,30,0.3804309070110321,4,-1,-1
85,-1,154,606,76,55,0.3776565194129944,4,-1,-1
85,-1,204,456,102,62,0.3670227825641632,6,-1,-1
53,-1,2390,1140,230,108,0.8334845900535583,4,-1,-1
53,-1,1855,921,153,70,0.8271461129188538,4,-1,-1
53,-1,52,523,55,42,0.592934787273407,4,-1,-1
53,-1,324,447,100,63,0.5709056854248047,6,-1,-1
53,-1,342,580,48,28,0.44061073660850525,4,-1,-1
53,-1,243,573,61,38,0.41930076479911804,4,-1,-1
53,-1,6,524,2364,691,0.38318949937820435,11,-1,-1
53,-1,1661,524,114,58,0.3696621358394623,6,-1,-1
53,-1,1903,452,63,57,0.36576589941978455,6,-1,-1
53,-1,82,418,82,43,0.3041875958442688,6,-1,-1
31,-1,1567,941,148,74,0.6824166178703308,4,-1,-1
31,-1,251,448,104,61,0.6727733612060547,6,-1,-1
31,-1,1249,565,153,70,0.5913001298904419,6,-1,-1
31,-1,1830,466,200,98,0.4790278971195221,6,-1,-1
31,-1,82,537,47,28,0.46846291422843933,4,-1,-1
31,-1,0,501,38,22,0.4544113874435425,4,-1,-1
31,-1,1,519,2285,691,0.45083653926849365,11,-1,-1
7,-1,384,653,248,104,0.7712957262992859,6,-1,-1
7,-1,3,499,2045,672,0.4624922275543213,11,-1,-1
7,-1,2525,1183,193,269,0.4057292342185974,11,-1,-1
7,-1,1359,488,250,102,0.3681585192680359,11,-1,-1
7,-1,1358,487,248,112,0.33990809321403503,6,-1,-1
7,-1,0,459,63,62,0.2669299840927124,11,-1,-1
219,-1,1364,983,162,93,0.8693363666534424,4,-1,-1
219,-1,1703,1021,199,95,0.8421952128410339,4,-1,-1
219,-1,2513,884,171,64,0.6705737709999084,4,-1,-1
219,-1,7,450,2084,818,0.293277770280838,11,-1,-1
93,-1,0,521,2237,773,0.5612984299659729,11,-1,-1
93,-1,1614,478,111,64,0.47323307394981384,6,-1,-1
93,-1,101,464,110,66,0.35486698150634766,6,-1,-1
35,-1,1740,975,160,76,0.8174555897712708,4,-1,-1
35,-1,1355,815,107,42,0.4114833474159241,4,-1,-1
35,-1,61,491,40,24,0.36952370405197144,4,-1,-1
35,-1,4,523,2374,684,0.35070887207984924,11,-1,-1
35,-1,107,533,53,35,0.3343731164932251,4,-1,-1
35,-1,198,539,46,29,0.30264362692832947,4,-1,-1
35,-1,1905,452,228,125,0.2616064250469208,11,-1,-1
149,-1,2085,1106,194,89,0.7663604021072388,4,-1,-1
149,-1,999,517,179,93,0.7106592655181885,9,-1,-1
149,-1,2557,997,161,68,0.560329258441925,4,-1,-1
149,-1,952,953,76,48,0.29876744747161865,4,-1,-1
143,-1,1833,1050,174,85,0.8265528678894043,4,-1,-1
143,-1,1085,510,166,89,0.7741369605064392,9,-1,-1
143,-1,4,530,2081,788,0.2919979393482208,11,-1,-1
246,-1,2,432,2071,819,0.7226638793945312,11,-1,-1
246,-1,1808,782,129,52,0.7086622714996338,4,-1,-1
246,-1,2253,869,153,53,0.6586201786994934,4,-1,-1
246,-1,1744,869,162,66,0.630909264087677,4,-1,-1
225,-1,1991,1086,224,104,0.868912935256958,4,-1,-1
225,-1,1603,1043,184,96,0.86726313829422,4,-1,-1
225,-1,2343,862,157,58,0.7214564085006714,4,-1,-1
225,-1,8,435,2075,835,0.5711824893951416,11,-1,-1
225,-1,2595,1026,123,80,0.5321815013885498,4,-1,-1
98,-1,2,536,2230,764,0.6687780618667603,11,-1,-1
98,-1,1582,479,122,67,0.6592368483543396,6,-1,-1
30,-1,1519,931,148,75,0.7928466796875,4,-1,-1
30,-1,3,524,2247,679,0.40323132276535034,11,-1,-1
30,-1,229,449,101,60,0.3644547462463379,6,-1,-1
30,-1,1222,567,145,71,0.32499271631240845,6,-1,-1
83,-1,255,445,103,67,0.47113603353500366,6,-1,-1
83,-1,1776,465,96,60,0.44657012820243835,6,-1,-1
83,-1,9,483,2358,761,0.38208669424057007,11,-1,-1
83,-1,140,517,49,30,0.3734213709831238,4,-1,-1
83,-1,192,592,73,58,0.31000202894210815,4,-1,-1
83,-1,192,591,74,60,0.2773657441139221,6,-1,-1
107,-1,0,534,2228,779,0.6606951355934143,11,-1,-1
107,-1,88,466,111,65,0.3996923863887787,6,-1,-1
107,-1,1520,485,188,70,0.3467261791229248,6,-1,-1
189,-1,374,527,291,142,0.8916827440261841,9,-1,-1
189,-1,2589,1213,129,174,0.6640026569366455,6,-1,-1
189,-1,4,431,2097,850,0.6201744079589844,11,-1,-1
201,-1,41,562,364,169,0.9133022427558899,9,-1,-1
201,-1,2,430,2121,845,0.6143472194671631,11,-1,-1
201,-1,2073,821,213,118,0.3454670310020447,6,-1,-1
132,-1,1451,965,153,72,0.7784296274185181,4,-1,-1
132,-1,5,518,2178,827,0.6097227334976196,11,-1,-1
132,-1,1233,503,154,83,0.49286338686943054,9,-1,-1
132,-1,1234,504,152,82,0.3703007400035858,6,-1,-1
212,-1,1418,954,170,87,0.8210965394973755,4,-1,-1
212,-1,1128,931,148,78,0.8131966590881348,4,-1,-1
212,-1,0,608,79,137,0.5405096411705017,6,-1,-1
212,-1,1800,783,197,106,0.4526996612548828,6,-1,-1
212,-1,0,607,80,135,0.3831092417240143,9,-1,-1
102,-1,0,539,2224,770,0.5372019410133362,11,-1,-1
102,-1,1558,482,126,67,0.39390674233436584,6,-1,-1
102,-1,93,456,107,74,0.31224098801612854,6,-1,-1
114,-1,0,532,2231,783,0.6124255657196045,11,-1,-1
114,-1,83,453,109,78,0.4112898111343384,6,-1,-1
43,-1,1998,1040,183,90,0.8494266271591187,4,-1,-1
43,-1,329,448,101,58,0.7220240831375122,6,-1,-1
43,-1,1550,851,129,61,0.6891987919807434,4,-1,-1
43,-1,0,508,38,34,0.5014538764953613,4,-1,-1
43,-1,257,557,53,29,0.4949270784854889,4,-1,-1
43,-1,1523,539,123,63,0.4837646186351776,6,-1,-1
43,-1,168,552,53,32,0.4380737543106079,4,-1,-1
43,-1,1926,450,46,50,0.3116438686847687,6,-1,-1
43,-1,1994,476,185,78,0.30651652812957764,11,-1,-1
164,-1,1638,1049,180,100,0.8526665568351746,4,-1,-1
164,-1,2041,929,134,57,0.7758339047431946,4,-1,-1
164,-1,1348,1008,189,136,0.7474075555801392,4,-1,-1
164,-1,816,538,210,107,0.7145747542381287,9,-1,-1
164,-1,817,540,208,105,0.3131345808506012,6,-1,-1
95,-1,1601,479,113,65,0.5545561909675598,6,-1,-1
95,-1,0,514,2232,786,0.5131929516792297,11,-1,-1
95,-1,100,459,108,72,0.2705763876438141,6,-1,-1
112,-1,0,534,2234,778,0.7338305711746216,11,-1,-1
112,-1,83,453,113,78,0.34519580006599426,6,-1,-1
112,-1,1483,488,130,72,0.2714572250843048,6,-1,-1
138,-1,1660,1012,165,73,0.7880599498748779,4,-1,-1
138,-1,2,519,2118,798,0.7598870992660522,11,-1,-1
138,-1,1163,504,161,89,0.6091436743736267,9,-1,-1
138,-1,1164,505,159,88,0.3485303521156311,6,-1,-1
248,-1,1678,856,155,66,0.7295731902122498,4,-1,-1
248,-1,2197,862,157,57,0.7033198475837708,4,-1,-1
248,-1,2,442,2050,806,0.6871914863586426,11,-1,-1
248,-1,1765,776,128,50,0.6370006203651428,4,-1,-1
5,-1,320,661,254,114,0.5291730761528015,6,-1,-1
5,-1,3,490,2032,682,0.5288794040679932,11,-1,-1
5,-1,0,459,63,63,0.3455955684185028,11,-1,-1
5,-1,1336,493,256,110,0.33256563544273376,6,-1,-1
34,-1,1707,969,158,71,0.794300377368927,4,-1,-1
34,-1,324,447,102,58,0.5221229791641235,6,-1,-1
34,-1,95,533,52,32,0.413565456867218,4,-1,-1
34,-1,1364,557,145,69,0.39666688442230225,6,-1,-1
34,-1,59,496,41,23,0.34886693954467773,4,-1,-1
34,-1,6,511,2384,695,0.3148249685764313,11,-1,-1
34,-1,181,539,50,27,0.30452683568000793,4,-1,-1
34,-1,1909,475,207,90,0.30147409439086914,6,-1,-1
99,-1,1579,482,123,66,0.6652353405952454,6,-1,-1
99,-1,0,539,2221,770,0.5686090588569641,11,-1,-1
99,-1,96,462,110,69,0.30104589462280273,6,-1,-1
257,-1,3,467,2058,802,0.6524637937545776,11,-1,-1
257,-1,1970,841,144,56,0.38499096035957336,4,-1,-1
23,-1,4,515,2092,671,0.5154074430465698,11,-1,-1
23,-1,917,579,176,86,0.3856008052825928,6,-1,-1
23,-1,38,452,111,65,0.3745623230934143,6,-1,-1
16,-1,1451,434,224,143,0.49646005034446716,11,-1,-1
16,-1,0,516,2036,669,0.48741844296455383,11,-1,-1
16,-1,0,457,57,63,0.3932769298553467,11,-1,-1
16,-1,667,611,201,94,0.33010709285736084,6,-1,-1
19,-1,0,501,2037,686,0.4976288974285126,11,-1,-1
19,-1,749,596,191,88,0.48522329330444336,6,-1,-1
19,-1,1482,441,221,142,0.40838804841041565,11,-1,-1
137,-1,1627,1006,163,69,0.7053663730621338,4,-1,-1
137,-1,1182,506,160,85,0.6683839559555054,9,-1,-1
137,-1,3,508,2137,819,0.4697090983390808,11,-1,-1
61,-1,2148,989,178,82,0.8367982506752014,4,-1,-1
61,-1,318,447,102,63,0.6703278422355652,6,-1,-1
61,-1,104,538,59,47,0.5709428191184998,4,-1,-1
61,-1,1879,456,71,54,0.3890973925590515,6,-1,-1
61,-1,5,507,2355,707,0.3868810832500458,11,-1,-1
61,-1,1762,515,101,52,0.37969234585762024,6,-1,-1
61,-1,413,550,54,34,0.34166765213012695,4,-1,-1
61,-1,304,588,61,36,0.3217373490333557,4,-1,-1
61,-1,2110,469,173,67,0.25560757517814636,6,-1,-1
96,-1,1598,478,114,66,0.5892015099525452,6,-1,-1
96,-1,2,543,2237,756,0.5747970938682556,11,-1,-1
156,-1,2448,1187,232,106,0.8244320154190063,4,-1,-1
156,-1,1358,981,159,93,0.8000413775444031,4,-1,-1
156,-1,2301,967,147,57,0.7463575601577759,4,-1,-1
156,-1,1073,944,169,122,0.7228005528450012,4,-1,-1
156,-1,913,528,191,95,0.6274539828300476,9,-1,-1
156,-1,910,525,196,100,0.29131388664245605,11,-1,-1
24,-1,958,580,177,80,0.5649049878120422,6,-1,-1
24,-1,1253,895,134,66,0.5011804103851318,4,-1,-1
24,-1,1610,440,216,131,0.46991676092147827,6,-1,-1
24,-1,4,509,2125,681,0.44797906279563904,11,-1,-1
159,-1,1457,1006,165,95,0.7581666707992554,4,-1,-1
159,-1,1170,967,174,124,0.719468891620636,4,-1,-1
159,-1,876,531,201,102,0.6429876089096069,9,-1,-1
159,-1,2200,951,139,58,0.5136794447898865,4,-1,-1
159,-1,2631,1225,87,85,0.2986467480659485,4,-1,-1
159,-1,2632,1225,86,85,0.29276391863822937,6,-1,-1
33,-1,305,448,98,59,0.6841350197792053,6,-1,-1
33,-1,1660,957,157,78,0.6477727293968201,4,-1,-1
33,-1,4,534,2335,669,0.4629106819629669,11,-1,-1
33,-1,1867,471,224,106,0.40640589594841003,6,-1,-1
33,-1,1327,559,148,70,0.3953790068626404,6,-1,-1
33,-1,37,496,45,23,0.385299414396286,4,-1,-1
33,-1,63,533,49,33,0.3625681698322296,4,-1,-1
33,-1,151,539,49,27,0.3594414293766022,4,-1,-1
173,-1,684,553,230,118,0.8639894127845764,9,-1,-1
173,-1,2022,1125,209,116,0.8410007953643799,4,-1,-1
173,-1,1765,886,128,54,0.6854524612426758,4,-1,-1
173,-1,1727,1090,221,162,0.6633176207542419,4,-1,-1
173,-1,1727,1091,221,159,0.45700016617774963,6,-1,-1
233,-1,2449,1186,269,120,0.8763981461524963,4,-1,-1
233,-1,1989,1130,211,111,0.8599502444267273,4,-1,-1
233,-1,2125,831,145,56,0.7687432169914246,4,-1,-1
233,-1,2237,961,188,79,0.7524725794792175,4,-1,-1
233,-1,2,445,2095,809,0.6280719637870789,11,-1,-1
145,-1,1902,1065,185,89,0.8380988240242004,4,-1,-1
145,-1,1049,512,172,92,0.7392463088035583,9,-1,-1
10,-1,485,634,230,101,0.520088791847229,6,-1,-1
10,-1,2,511,2042,657,0.4114191234111786,11,-1,-1
10,-1,1389,485,243,104,0.25209516286849976,11,-1,-1
141,-1,1759,1034,172,85,0.8197754621505737,4,-1,-1
141,-1,1118,509,163,89,0.6160399913787842,9,-1,-1
141,-1,4,526,2081,790,0.3969259560108185,11,-1,-1
254,-1,4,439,2060,824,0.6268808841705322,11,-1,-1
254,-1,1495,827,136,64,0.5325602293014526,4,-1,-1
254,-1,2046,844,145,59,0.40576282143592834,4,-1,-1
176,-1,635,560,240,122,0.8829994797706604,9,-1,-1
176,-1,2172,1154,223,120,0.8237615823745728,4,-1,-1
176,-1,1873,1117,235,167,0.70098477602005,4,-1,-1
176,-1,1690,870,117,51,0.511674702167511,4,-1,-1
184,-1,10,440,2100,856,0.7107998132705688,11,-1,-1
184,-1,2550,890,168,114,0.6917981505393982,6,-1,-1
184,-1,2601,1198,117,117,0.684657871723175,4,-1,-1
184,-1,485,528,269,133,0.6140315532684326,9,-1,-1
184,-1,2291,1159,267,190,0.5306564569473267,6,-1,-1
117,-1,0,526,2230,790,0.5823474526405334,11,-1,-1
117,-1,1443,490,136,74,0.5818971395492554,6,-1,-1
117,-1,83,464,107,66,0.35547420382499695,6,-1,-1
28,-1,1427,916,142,74,0.6734679341316223,4,-1,-1
28,-1,172,447,109,62,0.38562092185020447,6,-1,-1
28,-1,1736,472,204,88,0.3603428602218628,6,-1,-1
28,-1,2,519,2252,680,0.35364222526550293,11,-1,-1
28,-1,1129,570,161,73,0.2723589539527893,6,-1,-1
208,-1,0,590,209,155,0.9031318426132202,9,-1,-1
208,-1,1004,902,144,76,0.844791054725647,4,-1,-1
208,-1,1272,924,160,77,0.7604749202728271,4,-1,-1
208,-1,1902,796,199,102,0.38619813323020935,6,-1,-1
26,-1,1046,574,169,76,0.5988960862159729,6,-1,-1
26,-1,121,452,109,60,0.589889407157898,6,-1,-1
26,-1,1341,903,135,72,0.49443575739860535,4,-1,-1
26,-1,1665,470,221,93,0.37688401341438293,6,-1,-1
26,-1,20,479,2169,726,0.33248648047447205,11,-1,-1
178,-1,2274,1174,230,126,0.8701757192611694,4,-1,-1
178,-1,600,562,247,124,0.8412037491798401,9,-1,-1
178,-1,1973,1137,239,171,0.5988406538963318,4,-1,-1
178,-1,1,480,2084,901,0.34516215324401855,11,-1,-1
178,-1,1972,1135,242,173,0.335810124874115,6,-1,-1
101,-1,1564,482,131,67,0.5455084443092346,6,-1,-1
101,-1,0,541,2224,772,0.5072645545005798,11,-1,-1
110,-1,0,527,2239,782,0.6206537485122681,11,-1,-1
110,-1,1499,486,127,71,0.42812857031822205,6,-1,-1
168,-1,1800,1085,190,107,0.8597201704978943,4,-1,-1
168,-1,1920,910,129,52,0.7595834732055664,4,-1,-1
168,-1,1502,1043,208,151,0.6779537200927734,4,-1,-1
168,-1,759,544,220,111,0.4600377380847931,6,-1,-1
168,-1,759,545,221,109,0.43679237365722656,9,-1,-1
37,-1,1799,988,169,81,0.8253836035728455,4,-1,-1
37,-1,3,528,2374,680,0.47373759746551514,11,-1,-1
37,-1,1941,474,203,81,0.43755123019218445,6,-1,-1
37,-1,1427,551,131,67,0.2861675024032593,6,-1,-1
37,-1,1931,449,52,44,0.2636508643627167,6,-1,-1
37,-1,124,537,53,34,0.2602122724056244,4,-1,-1
37,-1,1397,816,117,54,0.25028863549232483,4,-1,-1
231,-1,1885,1107,203,111,0.8688400387763977,4,-1,-1
231,-1,2327,1162,253,115,0.838834822177887,4,-1,-1
231,-1,2321,978,190,81,0.8220099210739136,4,-1,-1
231,-1,2176,839,150,56,0.8094777464866638,4,-1,-1
231,-1,2690,937,28,27,0.47856834530830383,4,-1,-1
231,-1,5,431,2115,835,0.38042372465133667,11,-1,-1
113,-1,0,531,2230,782,0.6252790093421936,11,-1,-1
113,-1,1475,489,130,72,0.3826892077922821,6,-1,-1
113,-1,82,452,110,78,0.3192090392112732,6,-1,-1
39,-1,1863,1006,174,85,0.8362788558006287,4,-1,-1
39,-1,1449,825,118,57,0.5032724738121033,4,-1,-1
39,-1,330,448,103,56,0.48623907566070557,6,-1,-1
39,-1,2,522,2406,686,0.3266899883747101,11,-1,-1
39,-1,32,489,46,24,0.28300049901008606,4,-1,-1
39,-1,1455,548,137,65,0.2702072560787201,6,-1,-1
39,-1,1962,476,194,79,0.2669577896595001,6,-1,-1
224,-1,1564,1033,176,95,0.8700651526451111,4,-1,-1
224,-1,1938,1076,222,102,0.8623147010803223,4,-1,-1
224,-1,2372,865,157,58,0.7610516548156738,4,-1,-1
224,-1,2648,1041,70,69,0.6483067870140076,4,-1,-1
224,-1,7,448,2071,820,0.5214906334877014,11,-1,-1
42,-1,1964,1031,180,89,0.8519417643547058,4,-1,-1
42,-1,1523,843,128,61,0.6650943160057068,4,-1,-1
42,-1,331,448,99,58,0.6536420583724976,6,-1,-1
42,-1,1506,541,129,65,0.5688069462776184,6,-1,-1
42,-1,0,500,34,41,0.509200930595398,4,-1,-1
42,-1,4,525,2385,684,0.34217217564582825,11,-1,-1
42,-1,253,554,46,30,0.3151725232601166,4,-1,-1
42,-1,162,548,53,35,0.2691847085952759,4,-1,-1
238,-1,2273,1195,238,125,0.8754342794418335,4,-1,-1
238,-1,2038,923,170,77,0.8061876893043518,4,-1,-1
238,-1,1994,813,141,54,0.7159777879714966,4,-1,-1
238,-1,3,443,2042,809,0.6818769574165344,11,-1,-1
238,-1,2475,902,168,60,0.6449199318885803,4,-1,-1
78,-1,297,449,102,59,0.6743938326835632,6,-1,-1
78,-1,1824,461,90,59,0.6616970300674438,6,-1,-1
78,-1,200,572,71,52,0.6335471272468567,4,-1,-1
78,-1,229,520,47,31,0.5606856346130371,4,-1,-1
78,-1,4,504,2357,718,0.5281710028648376,11,-1,-1
78,-1,1948,501,83,50,0.49048489332199097,6,-1,-1
119,-1,1415,492,135,75,0.7052286267280579,6,-1,-1
119,-1,1,542,2222,775,0.5462881326675415,11,-1,-1
195,-1,221,545,324,153,0.9079651236534119,9,-1,-1
195,-1,2,445,2122,832,0.5600486993789673,11,-1,-1
57,-1,1997,955,162,76,0.8464363813400269,4,-1,-1
57,-1,2578,1188,140,93,0.6280289888381958,4,-1,-1
57,-1,323,446,100,66,0.594662070274353,6,-1,-1
57,-1,76,530,60,45,0.45751893520355225,4,-1,-1
57,-1,275,582,57,34,0.4474133849143982,4,-1,-1
57,-1,477,559,35,30,0.3729475736618042,4,-1,-1
57,-1,2063,469,199,74,0.3196811378002167,11,-1,-1
57,-1,1716,521,101,55,0.26078104972839355,6,-1,-1
57,-1,3,502,2346,710,0.2558519244194031,11,-1,-1
65,-1,2317,1022,194,88,0.8600334525108337,4,-1,-1
65,-1,317,444,101,58,0.5893701910972595,6,-1,-1
65,-1,1868,452,76,57,0.4999380111694336,6,-1,-1
65,-1,2127,465,178,66,0.4057604968547821,6,-1,-1
65,-1,130,541,63,47,0.35884153842926025,4,-1,-1
65,-1,370,537,54,32,0.3516158163547516,4,-1,-1
65,-1,5,521,2328,687,0.3345181345939636,11,-1,-1
94,-1,1609,478,110,65,0.5655539035797119,6,-1,-1
94,-1,1,515,2252,785,0.501917839050293,11,-1,-1
94,-1,99,449,109,79,0.32087740302085876,6,-1,-1
48,-1,2181,1087,205,98,0.8507510423660278,4,-1,-1
48,-1,1693,885,144,66,0.8167436122894287,4,-1,-1
48,-1,207,564,55,33,0.5879458785057068,4,-1,-1
48,-1,325,448,101,61,0.5747668147087097,6,-1,-1
48,-1,19,512,53,41,0.5166654586791992,4,-1,-1
48,-1,5,518,2385,695,0.5066004991531372,11,-1,-1
48,-1,304,567,45,30,0.4924047887325287,4,-1,-1
48,-1,2022,472,187,77,0.39738747477531433,11,-1,-1
48,-1,1592,532,118,59,0.37331628799438477,6,-1,-1
48,-1,1916,453,53,54,0.25037992000579834,6,-1,-1
215,-1,1226,954,152,81,0.8661285042762756,4,-1,-1
215,-1,1533,983,181,87,0.8158631920814514,4,-1,-1
215,-1,2633,901,85,48,0.5106092095375061,4,-1,-1
215,-1,1731,769,193,110,0.3625258803367615,6,-1,-1
75,-1,186,566,66,52,0.7354629635810852,4,-1,-1
75,-1,306,448,98,61,0.6487942934036255,6,-1,-1
75,-1,1832,457,89,59,0.6160621047019958,6,-1,-1
75,-1,3,493,2356,730,0.514823853969574,11,-1,-1
75,-1,1922,494,80,58,0.4060553312301636,6,-1,-1
75,-1,264,523,49,32,0.3087110221385956,4,-1,-1
182,-1,528,543,259,130,0.8722396492958069,9,-1,-1
182,-1,2486,1192,232,135,0.8170725703239441,4,-1,-1
182,-1,2180,1155,259,181,0.5400878190994263,4,-1,-1
182,-1,2,462,2128,858,0.429263710975647,11,-1,-1
182,-1,2608,914,110,100,0.37765833735466003,6,-1,-1
11,-1,517,629,224,100,0.6878517866134644,6,-1,-1
11,-1,2,491,2039,676,0.5114216208457947,11,-1,-1
11,-1,1376,481,267,128,0.3290063142776489,11,-1,-1
11,-1,0,459,60,62,0.283936083316803,11,-1,-1
207,-1,0,584,240,161,0.8986625671386719,9,-1,-1
207,-1,978,899,138,73,0.8095428943634033,4,-1,-1
207,-1,1236,914,161,79,0.6635118722915649,4,-1,-1
207,-1,1923,799,203,103,0.33330950140953064,6,-1,-1
265,-1,5,417,2132,857,0.6026657223701477,11,-1,-1
265,-1,1775,818,138,53,0.35092276334762573,4,-1,-1
218,-1,1331,976,159,85,0.8634536266326904,4,-1,-1
218,-1,1660,1010,194,93,0.8308386206626892,4,-1,-1
218,-1,2545,890,169,59,0.5922896862030029,4,-1,-1
218,-1,1662,757,188,103,0.3638068735599518,6,-1,-1
228,-1,2154,1122,236,110,0.8842212557792664,4,-1,-1
228,-1,1741,1075,189,102,0.8611318469047546,4,-1,-1
228,-1,2257,852,157,54,0.7599650025367737,4,-1,-1
228,-1,2457,1003,202,88,0.7201101779937744,4,-1,-1
228,-1,6,433,2082,833,0.5267010927200317,11,-1,-1
247,-1,1787,779,133,50,0.7322980165481567,4,-1,-1
247,-1,2,439,2052,809,0.7249132990837097,11,-1,-1
247,-1,1713,861,155,70,0.6648483276367188,4,-1,-1
247,-1,2225,861,154,62,0.6027488708496094,4,-1,-1
135,-1,1557,984,159,77,0.7254131436347961,4,-1,-1
135,-1,1204,504,157,85,0.7032896280288696,9,-1,-1
135,-1,2,516,2176,805,0.5928581357002258,11,-1,-1
154,-1,2339,1163,218,101,0.8136670589447021,4,-1,-1
154,-1,941,522,186,96,0.8121928572654724,9,-1,-1
154,-1,1299,971,153,89,0.8015323281288147,4,-1,-1
154,-1,2373,975,147,61,0.7591297030448914,4,-1,-1
154,-1,1013,933,163,116,0.7276014089584351,4,-1,-1
131,-1,3,507,2200,832,0.7253280282020569,11,-1,-1
131,-1,1246,501,150,83,0.4600754380226135,6,-1,-1
131,-1,1424,960,145,68,0.3162292540073395,4,-1,-1
147,-1,1990,1085,188,90,0.7854577898979187,4,-1,-1
147,-1,1019,516,176,90,0.7697906494140625,9,-1,-1
147,-1,2,505,2095,795,0.424623966217041,11,-1,-1
260,-1,5,451,2079,826,0.6904363632202148,11,-1,-1
260,-1,1900,836,139,54,0.46145257353782654,4,-1,-1
125,-1,2,504,2157,815,0.766835629940033,11,-1,-1
125,-1,1301,495,142,80,0.6861918568611145,6,-1,-1
125,-1,0,470,86,65,0.2840518653392792,6,-1,-1
130,-1,1392,953,140,65,0.6878509521484375,4,-1,-1
130,-1,4,512,2177,826,0.6511235237121582,11,-1,-1
130,-1,1254,502,147,84,0.6205739974975586,6,-1,-1
175,-1,651,558,243,122,0.8820016980171204,9,-1,-1
175,-1,2122,1145,218,119,0.8532353639602661,4,-1,-1
175,-1,1823,1108,230,165,0.7396384477615356,4,-1,-1
175,-1,1714,875,124,52,0.5617640614509583,4,-1,-1
203,-1,0,568,353,171,0.9096629619598389,9,-1,-1
203,-1,3,434,2088,849,0.5726630091667175,11,-1,-1
45,-1,2070,1057,191,95,0.8495961427688599,4,-1,-1
45,-1,1605,863,134,65,0.8032466173171997,4,-1,-1
45,-1,328,448,101,58,0.694316029548645,6,-1,-1
45,-1,1552,532,125,67,0.43132102489471436,6,-1,-1
45,-1,185,555,54,36,0.4166378378868103,4,-1,-1
45,-1,276,563,51,27,0.3689708411693573,4,-1,-1
45,-1,2010,472,178,72,0.33282139897346497,6,-1,-1
45,-1,6,519,2389,689,0.2940601408481598,11,-1,-1
45,-1,0,483,52,64,0.2861797511577606,6,-1,-1
45,-1,1923,451,47,50,0.279872328042984,6,-1,-1
259,-1,5,455,2072,820,0.6900534629821777,11,-1,-1
259,-1,1922,840,144,50,0.6093448400497437,4,-1,-1
1,-1,2,496,2072,687,0.42059725522994995,11,-1,-1
1,-1,156,684,288,116,0.38886550068855286,6,-1,-1
1,-1,2304,1001,413,408,0.2626829743385315,6,-1,-1
133,-1,1487,973,153,71,0.7484004497528076,4,-1,-1
133,-1,1226,506,152,81,0.5796934366226196,9,-1,-1
133,-1,2,514,2168,809,0.364225298166275,11,-1,-1
214,-1,1193,946,151,78,0.8488300442695618,4,-1,-1
214,-1,1495,971,177,88,0.8104916214942932,4,-1,-1
214,-1,2663,910,55,47,0.5320148468017578,4,-1,-1
214,-1,1752,773,195,104,0.4318256676197052,6,-1,-1
22,-1,871,586,181,85,0.5050061941146851,6,-1,-1
22,-1,3,429,2151,752,0.38600867986679077,11,-1,-1
226,-1,1649,1053,184,98,0.8811466693878174,4,-1,-1
226,-1,2044,1098,228,104,0.8350539803504944,4,-1,-1
226,-1,2316,859,155,57,0.7474978566169739,4,-1,-1
226,-1,2549,1019,169,88,0.7031415700912476,4,-1,-1
226,-1,9,428,2087,842,0.49772047996520996,11,-1,-1
50,-1,1755,900,147,72,0.8330356478691101,4,-1,-1
50,-1,2262,1110,214,99,0.8329707980155945,4,-1,-1
50,-1,323,446,104,65,0.6057634949684143,6,-1,-1
50,-1,222,567,55,35,0.5727400779724121,4,-1,-1
50,-1,32,516,53,43,0.49773862957954407,4,-1,-1
50,-1,315,573,54,30,0.496370404958725,4,-1,-1
50,-1,1621,527,122,61,0.4372008740901947,6,-1,-1
50,-1,3,516,2378,695,0.40583983063697815,11,-1,-1
50,-1,2042,472,174,71,0.3543538451194763,6,-1,-1
50,-1,1904,452,66,57,0.3073744475841522,6,-1,-1
50,-1,2041,473,178,72,0.26504847407341003,11,-1,-1
139,-1,1695,1019,164,78,0.7514791488647461,4,-1,-1
139,-1,4,519,2101,800,0.5903807282447815,11,-1,-1
139,-1,1149,508,161,86,0.5507407188415527,9,-1,-1
74,-1,306,448,100,60,0.7349956631660461,6,-1,-1
74,-1,182,563,66,51,0.6853634715080261,4,-1,-1
74,-1,1832,457,90,56,0.4619237780570984,6,-1,-1
74,-1,3,483,2357,742,0.38115566968917847,11,-1,-1
74,-1,1908,496,84,58,0.3543252646923065,6,-1,-1
128,-1,2,510,2147,809,0.7761598229408264,11,-1,-1
128,-1,1273,499,145,81,0.7077395915985107,6,-1,-1
128,-1,0,470,83,67,0.25427958369255066,6,-1,-1
68,-1,2457,1058,210,96,0.865185022354126,4,-1,-1
68,-1,312,445,103,58,0.5448002219200134,6,-1,-1
68,-1,150,545,63,50,0.524135410785675,4,-1,-1
68,-1,339,531,53,33,0.4978339672088623,4,-1,-1
68,-1,3,516,2350,693,0.4144097566604614,11,-1,-1
68,-1,1840,452,98,104,0.25145843625068665,6,-1,-1
234,-1,2042,1146,218,116,0.8743436932563782,4,-1,-1
234,-1,2515,1203,203,109,0.7863108515739441,4,-1,-1
234,-1,2194,954,186,79,0.7376552820205688,4,-1,-1
234,-1,2099,830,141,53,0.7138708829879761,4,-1,-1
234,-1,2,444,2076,808,0.7077271938323975,11,-1,-1
124,-1,1,520,2152,798,0.6755238771438599,11,-1,-1
124,-1,1308,493,143,80,0.6505076289176941,6,-1,-1
126,-1,2,506,2157,809,0.6464815735816956,11,-1,-1
126,-1,1291,497,145,79,0.48498180508613586,6,-1,-1
126,-1,1289,496,146,80,0.4332778751850128,9,-1,-1
262,-1,2,444,2070,839,0.6496185660362244,11,-1,-1
262,-1,1849,829,141,53,0.38859736919403076,4,-1,-1
262,-1,1849,827,140,55,0.3440641164779663,11,-1,-1
47,-1,1664,876,139,65,0.8552531003952026,4,-1,-1
47,-1,2143,1076,200,97,0.8343912363052368,4,-1,-1
47,-1,326,449,101,59,0.5996836423873901,6,-1,-1
47,-1,13,511,52,40,0.5771907567977905,4,-1,-1
47,-1,292,567,52,27,0.5283965468406677,4,-1,-1
47,-1,1582,530,121,63,0.5157785415649414,6,-1,-1
47,-1,4,519,2375,693,0.5100930333137512,11,-1,-1
47,-1,197,562,57,34,0.32712438702583313,4,-1,-1
47,-1,1920,452,48,51,0.3125050365924835,6,-1,-1
18,-1,0,497,2034,683,0.5911779999732971,11,-1,-1
18,-1,1447,436,242,154,0.45280247926712036,11,-1,-1
18,-1,714,601,200,84,0.276486337184906,11,-1,-1
160,-1,1204,975,178,126,0.8327649831771851,4,-1,-1
160,-1,1490,1015,169,96,0.814749538898468,4,-1,-1
160,-1,2169,947,136,57,0.5492760539054871,4,-1,-1
160,-1,867,531,202,104,0.5066894292831421,9,-1,-1
160,-1,867,529,201,107,0.4579715430736542,11,-1,-1
177,-1,621,560,243,124,0.8670047521591187,9,-1,-1
177,-1,2220,1165,228,121,0.8625699877738953,4,-1,-1
177,-1,1921,1130,240,168,0.537639319896698,4,-1,-1
177,-1,1921,1130,241,168,0.37376710772514343,6,-1,-1
177,-1,3,470,2095,902,0.28363874554634094,11,-1,-1
177,-1,1659,865,121,49,0.28101852536201477,4,-1,-1
123,-1,0,520,2140,795,0.6579158306121826,11,-1,-1
123,-1,1318,494,141,77,0.3585851192474365,6,-1,-1
29,-1,1473,924,144,75,0.6847816109657288,4,-1,-1
29,-1,5,528,2236,673,0.539158821105957,11,-1,-1
29,-1,1172,568,154,74,0.3552994132041931,6,-1,-1
194,-1,246,543,320,149,0.8975886702537537,9,-1,-1
194,-1,2,444,2118,833,0.5976014733314514,11,-1,-1
44,-1,2034,1047,187,94,0.8397524356842041,4,-1,-1
44,-1,1580,855,130,64,0.7884751558303833,4,-1,-1
44,-1,328,449,102,58,0.7095052599906921,6,-1,-1
44,-1,0,509,47,33,0.4681306779384613,4,-1,-1
44,-1,1536,535,125,66,0.4094562232494354,6,-1,-1
44,-1,268,559,47,29,0.4029160141944885,4,-1,-1
44,-1,176,555,57,35,0.3182194232940674,4,-1,-1
44,-1,2003,473,183,73,0.2971256673336029,11,-1,-1
44,-1,5,524,2387,680,0.29552486538887024,11,-1,-1
44,-1,1923,450,49,50,0.2905920445919037,6,-1,-1
44,-1,2004,473,179,73,0.27062928676605225,6,-1,-1
217,-1,1295,967,155,87,0.8603917360305786,4,-1,-1
217,-1,1615,1003,191,88,0.8482581377029419,4,-1,-1
217,-1,2573,892,145,65,0.5739558935165405,4,-1,-1
217,-1,1684,764,188,97,0.5591992735862732,6,-1,-1
197,-1,164,550,334,159,0.8905074000358582,9,-1,-1
197,-1,3,437,2093,842,0.5811856389045715,11,-1,-1
197,-1,2180,835,220,109,0.46558132767677307,6,-1,-1
52,-1,2350,1129,217,105,0.8580465316772461,4,-1,-1
52,-1,1821,915,152,72,0.8461897373199463,4,-1,-1
52,-1,234,572,61,37,0.60275799036026,4,-1,-1
52,-1,323,446,101,64,0.5862277150154114,6,-1,-1
52,-1,44,521,55,43,0.5012247562408447,4,-1,-1
52,-1,332,578,58,29,0.3865015506744385,4,-1,-1
52,-1,6,520,2375,693,0.33399733901023865,11,-1,-1
52,-1,1904,452,64,56,0.28825438022613525,6,-1,-1
52,-1,2051,472,183,71,0.2770386040210724,6,-1,-1
239,-1,2337,1211,240,124,0.886658251285553,4,-1,-1
239,-1,1970,809,140,54,0.7461971640586853,4,-1,-1
239,-1,2445,898,167,54,0.7224000096321106,4,-1,-1
239,-1,1998,914,170,76,0.7035465240478516,4,-1,-1
239,-1,3,445,2042,805,0.6692814826965332,11,-1,-1
86,-1,1699,473,99,63,0.5955339074134827,6,-1,-1
86,-1,1,496,2293,771,0.5189911723136902,11,-1,-1
86,-1,176,459,105,66,0.3784483075141907,6,-1,-1
86,-1,134,618,76,58,0.25207915902137756,6,-1,-1
232,-1,1936,1120,205,111,0.8864864110946655,4,-1,-1
232,-1,2386,1173,263,119,0.8349834680557251,4,-1,-1
232,-1,2151,835,153,56,0.7736912369728088,4,-1,-1
232,-1,2281,970,186,78,0.7689213156700134,4,-1,-1
232,-1,2,466,2076,787,0.477664589881897,11,-1,-1
232,-1,2655,929,63,32,0.2973734736442566,4,-1,-1
38,-1,1833,998,168,84,0.8494112491607666,4,-1,-1
38,-1,4,523,2363,688,0.4454798400402069,11,-1,-1
38,-1,1944,476,204,87,0.4229798913002014,6,-1,-1
38,-1,1440,547,135,68,0.4050965905189514,6,-1,-1
38,-1,133,540,52,34,0.38250404596328735,4,-1,-1
38,-1,1424,819,119,60,0.2992665469646454,4,-1,-1
38,-1,1931,449,51,48,0.2669534981250763,6,-1,-1
38,-1,333,445,101,61,0.26317939162254333,6,-1,-1
71,-1,2615,1098,103,78,0.7548708319664001,4,-1,-1
71,-1,308,444,104,59,0.662373423576355,6,-1,-1
71,-1,2,490,2351,725,0.549340546131134,11,-1,-1
71,-1,168,554,61,50,0.46014368534088135,4,-1,-1
71,-1,1848,455,85,56,0.32650625705718994,6,-1,-1
71,-1,307,529,52,31,0.2635473608970642,4,-1,-1
71,-1,166,555,63,50,0.25125136971473694,6,-1,-1
118,-1,0,533,2234,786,0.6149893999099731,11,-1,-1
118,-1,1432,489,134,76,0.5558496713638306,6,-1,-1
118,-1,76,464,108,66,0.26439768075942993,6,-1,-1
51,-1,2306,1119,214,106,0.8788703083992004,4,-1,-1
51,-1,1787,908,150,66,0.8475763201713562,4,-1,-1
51,-1,322,446,103,64,0.6385384202003479,6,-1,-1
51,-1,37,518,57,43,0.5277690887451172,4,-1,-1
51,-1,230,571,58,35,0.47881871461868286,4,-1,-1
51,-1,325,574,50,31,0.4566134810447693,4,-1,-1
51,-1,4,520,2379,695,0.4121742248535156,11,-1,-1
51,-1,1906,452,65,58,0.35243943333625793,6,-1,-1
51,-1,1634,528,113,55,0.34782111644744873,6,-1,-1
51,-1,2044,472,180,69,0.2894991636276245,11,-1,-1
51,-1,526,570,60,34,0.27977949380874634,4,-1,-1
51,-1,2045,472,177,68,0.2556362748146057,6,-1,-1
12,-1,549,624,220,99,0.5654210448265076,6,-1,-1
12,-1,3,488,2033,695,0.5119643807411194,11,-1,-1
245,-1,2,434,2082,817,0.7858883142471313,11,-1,-1
245,-1,1782,874,159,67,0.693462610244751,4,-1,-1
245,-1,1833,785,130,52,0.6680420637130737,4,-1,-1
245,-1,2278,873,160,52,0.6426280736923218,4,-1,-1
88,-1,1653,475,105,63,0.6167106628417969,6,-1,-1
88,-1,1,510,2236,765,0.4655870199203491,11,-1,-1
88,-1,125,464,107,64,0.405610591173172,6,-1,-1
213,-1,1163,937,147,81,0.8280565142631531,4,-1,-1
213,-1,1457,964,172,85,0.8215488195419312,4,-1,-1
213,-1,1777,778,196,109,0.3940123915672302,6,-1,-1
213,-1,0,616,44,126,0.34934648871421814,6,-1,-1
213,-1,0,618,44,125,0.2624460458755493,4,-1,-1
190,-1,349,528,299,146,0.8955405354499817,9,-1,-1
190,-1,3,439,2090,844,0.7079866528511047,11,-1,-1
190,-1,2654,1226,64,148,0.4951745867729187,6,-1,-1
158,-1,1422,999,163,93,0.7942107319831848,4,-1,-1
158,-1,1136,958,174,126,0.7332892417907715,4,-1,-1
158,-1,888,528,198,101,0.6274843215942383,9,-1,-1
158,-1,2234,956,145,63,0.5889736413955688,4,-1,-1
158,-1,2570,1212,148,93,0.4152037799358368,4,-1,-1
158,-1,890,528,198,102,0.2800099551677704,11,-1,-1
4,-1,276,667,266,105,0.694534182548523,6,-1,-1
4,-1,2,490,2056,694,0.543347954750061,11,-1,-1
4,-1,2384,505,62,25,0.2782399356365204,4,-1,-1
4,-1,0,458,64,64,0.2758077085018158,11,-1,-1
87,-1,2,514,2248,756,0.5972409248352051,11,-1,-1
87,-1,1671,474,112,63,0.5755677223205566,6,-1,-1
87,-1,147,464,106,63,0.5672665238380432,6,-1,-1
87,-1,114,622,77,59,0.5260974168777466,4,-1,-1
87,-1,0,527,39,28,0.46615585684776306,4,-1,-1
90,-1,1,510,2239,773,0.662002682685852,11,-1,-1
90,-1,1634,477,105,64,0.5036526918411255,6,-1,-1
90,-1,108,463,109,68,0.47600090503692627,6,-1,-1
32,-1,1614,948,152,77,0.6271933317184448,4,-1,-1
32,-1,277,449,103,59,0.6026196479797363,6,-1,-1
32,-1,1290,564,149,67,0.5697516798973083,6,-1,-1
32,-1,4,531,2322,667,0.4542224705219269,11,-1,-1
32,-1,1843,475,215,95,0.4251299500465393,6,-1,-1
32,-1,117,537,46,28,0.4121939241886139,4,-1,-1
32,-1,14,501,45,21,0.3472951650619507,4,-1,-1
32,-1,28,537,48,26,0.27482855319976807,4,-1,-1
167,-1,1758,1074,190,107,0.8663545846939087,4,-1,-1
167,-1,1464,1035,199,142,0.8119296431541443,4,-1,-1
167,-1,1948,916,130,52,0.7063493132591248,4,-1,-1
167,-1,773,545,221,109,0.448817640542984,9,-1,-1
167,-1,775,546,215,108,0.2527896761894226,6,-1,-1
8,-1,419,647,242,103,0.7373140454292297,6,-1,-1
8,-1,3,500,2039,672,0.5002872943878174,11,-1,-1
8,-1,1374,487,243,100,0.42854538559913635,11,-1,-1
8,-1,1375,483,241,105,0.28606289625167847,6,-1,-1
236,-1,2155,1169,224,122,0.866755485534668,4,-1,-1
236,-1,2047,822,141,53,0.6804847717285156,4,-1,-1
236,-1,2654,1231,64,82,0.6528211236000061,4,-1,-1
236,-1,3,439,2061,813,0.640927791595459,11,-1,-1
236,-1,2112,939,180,74,0.6348661184310913,4,-1,-1
236,-1,2533,906,171,61,0.4283204972743988,4,-1,-1
166,-1,1718,1066,185,106,0.8430827260017395,4,-1,-1
166,-1,1424,1026,197,143,0.6762531399726868,4,-1,-1
166,-1,1980,920,130,52,0.6401952505111694,4,-1,-1
166,-1,783,541,220,111,0.3935557007789612,9,-1,-1
166,-1,5,530,2082,787,0.31925278902053833,11,-1,-1
