237,-1,2214,1181,230,126,0.8515362739562988,4,-1,-1
237,-1,2020,812,144,59,0.8249058723449707,4,-1,-1
237,-1,2074,929,176,79,0.8076118230819702,4,-1,-1
237,-1,2498,900,180,69,0.7906240820884705,4,-1,-1
237,-1,347,548,75,39,0.4534561038017273,4,-1,-1
196,-1,188,541,335,163,0.8860579133033752,6,-1,-1
196,-1,2205,833,226,114,0.8297637701034546,6,-1,-1
60,-1,2104,977,181,83,0.8424071669578552,4,-1,-1
60,-1,97,537,60,43,0.7050121426582336,4,-1,-1
60,-1,296,588,66,36,0.6383959650993347,4,-1,-1
60,-1,424,551,56,33,0.5993635058403015,4,-1,-1
60,-1,317,449,105,60,0.5816479325294495,6,-1,-1
60,-1,79,417,81,46,0.5538983941078186,6,-1,-1
60,-1,1751,514,97,59,0.5493174195289612,6,-1,-1
60,-1,1680,518,161,57,0.4302244782447815,6,-1,-1
60,-1,2086,469,185,75,0.2611560523509979,6,-1,-1
60,-1,2063,474,109,59,0.25123611092567444,6,-1,-1
92,-1,1620,475,117,69,0.787685215473175,6,-1,-1
92,-1,101,464,115,65,0.761570394039154,6,-1,-1
92,-1,116,641,80,47,0.4209175407886505,4,-1,-1
92,-1,1940,502,80,48,0.30839401483535767,6,-1,-1
180,-1,559,562,260,128,0.877324640750885,6,-1,-1
180,-1,2072,1151,250,182,0.8485493659973145,6,-1,-1
180,-1,2378,1183,246,140,0.6212598085403442,4,-1,-1
180,-1,2673,918,47,129,0.49797725677490234,6,-1,-1
20,-1,1488,477,232,110,0.7847211360931396,6,-1,-1
20,-1,0,453,81,67,0.7333158850669861,6,-1,-1
20,-1,778,587,198,99,0.6565698981285095,6,-1,-1
20,-1,1084,862,134,76,0.49735593795776367,4,-1,-1
151,-1,970,518,190,95,0.8429180979728699,6,-1,-1
151,-1,2181,1125,204,101,0.8223624229431152,4,-1,-1
151,-1,2479,983,169,77,0.7640586495399475,4,-1,-1
151,-1,1208,947,153,91,0.7415562868118286,4,-1,-1
151,-1,922,917,164,106,0.3772767186164856,6,-1,-1
151,-1,920,918,165,107,0.30217868089675903,4,-1,-1
249,-1,1742,764,129,61,0.8127500414848328,4,-1,-1
249,-1,2170,851,157,69,0.7562144994735718,4,-1,-1
249,-1,1646,845,153,77,0.7550421953201294,4,-1,-1
17,-1,1453,475,228,110,0.7615423202514648,6,-1,-1
17,-1,0,455,60,63,0.6983464956283569,6,-1,-1
17,-1,687,597,208,103,0.6953525543212891,6,-1,-1
62,-1,2191,995,178,83,0.8446615934371948,4,-1,-1
62,-1,77,417,76,46,0.7210451364517212,6,-1,-1
62,-1,317,446,102,60,0.7114242315292358,6,-1,-1
62,-1,108,539,64,44,0.689460813999176,4,-1,-1
62,-1,305,589,72,38,0.5981084108352661,4,-1,-1
62,-1,400,547,57,32,0.5134785771369934,4,-1,-1
62,-1,1777,509,93,55,0.5128920078277588,6,-1,-1
62,-1,1846,459,97,45,0.2573775351047516,6,-1,-1
251,-1,2117,847,156,66,0.763542652130127,4,-1,-1
251,-1,1702,760,128,57,0.7039785385131836,4,-1,-1
251,-1,1579,834,154,74,0.5480565428733826,6,-1,-1
251,-1,1579,835,153,72,0.348162978887558,4,-1,-1
251,-1,1628,674,69,73,0.29786887764930725,6,-1,-1
66,-1,2361,1032,197,93,0.8412261009216309,4,-1,-1
66,-1,316,442,102,63,0.7425884008407593,6,-1,-1
66,-1,70,411,84,46,0.6739757061004639,6,-1,-1
66,-1,136,543,63,46,0.6673843860626221,4,-1,-1
66,-1,359,536,58,31,0.6328462958335876,4,-1,-1
66,-1,1815,493,100,64,0.4042958915233612,6,-1,-1
66,-1,1852,449,92,55,0.3710823059082031,6,-1,-1
66,-1,343,594,62,37,0.34566202759742737,4,-1,-1
2,-1,1276,495,289,141,0.8076463341712952,6,-1,-1
2,-1,197,674,275,117,0.7830005288124084,6,-1,-1
2,-1,0,455,66,66,0.7089783549308777,6,-1,-1
2,-1,2327,1029,392,464,0.40476128458976746,6,-1,-1
179,-1,2023,1146,248,178,0.8728177547454834,6,-1,-1
179,-1,578,562,255,126,0.8475886583328247,6,-1,-1
179,-1,2325,1180,238,133,0.5328327417373657,4,-1,-1
179,-1,1597,848,125,58,0.2817402184009552,4,-1,-1
157,-1,2505,1194,214,122,0.8123823404312134,4,-1,-1
157,-1,898,526,198,104,0.7803667783737183,6,-1,-1
157,-1,2262,954,155,71,0.7414360046386719,4,-1,-1
157,-1,1099,950,179,126,0.7084277272224426,6,-1,-1
157,-1,1389,978,164,108,0.6425713300704956,6,-1,-1
157,-1,1631,734,71,89,0.48421576619148254,6,-1,-1
157,-1,1390,978,164,107,0.4000130593776703,4,-1,-1
157,-1,1546,487,81,36,0.3372483253479004,4,-1,-1
103,-1,1547,480,128,72,0.7621006965637207,6,-1,-1
103,-1,88,461,116,70,0.7510730624198914,6,-1,-1
169,-1,1544,1050,210,151,0.8874078392982483,6,-1,-1
169,-1,738,546,230,115,0.8508228659629822,6,-1,-1
169,-1,1841,1088,198,116,0.7789332866668701,6,-1,-1
169,-1,1885,898,133,65,0.7455861568450928,4,-1,-1
169,-1,1639,742,74,83,0.3842095136642456,6,-1,-1
174,-1,1775,1098,226,165,0.8724952936172485,6,-1,-1
174,-1,663,555,239,122,0.8574897050857544,6,-1,-1
174,-1,1738,873,128,59,0.7747359275817871,4,-1,-1
174,-1,2071,1130,218,134,0.6507735848426819,4,-1,-1
174,-1,2070,1130,217,133,0.3100517988204956,6,-1,-1
174,-1,1641,742,69,80,0.26648104190826416,6,-1,-1
242,-1,2536,1255,183,127,0.817389190196991,4,-1,-1
242,-1,1899,796,138,54,0.7990221381187439,4,-1,-1
242,-1,1886,896,164,72,0.7882968187332153,4,-1,-1
242,-1,2360,882,170,68,0.7321289777755737,4,-1,-1
242,-1,0,603,60,47,0.6442712545394897,4,-1,-1
242,-1,347,547,73,39,0.4006454050540924,4,-1,-1
3,-1,1309,491,265,124,0.8016866445541382,6,-1,-1
3,-1,236,670,270,115,0.7924023866653442,6,-1,-1
3,-1,0,455,64,67,0.719763457775116,6,-1,-1
3,-1,1551,432,84,51,0.2837168276309967,6,-1,-1
3,-1,2367,1097,353,329,0.2642916142940521,6,-1,-1
165,-1,1383,1015,198,146,0.846229612827301,6,-1,-1
165,-1,1677,1053,183,105,0.8443624377250671,4,-1,-1
165,-1,797,536,219,115,0.807352602481842,6,-1,-1
165,-1,2007,918,139,66,0.7629947066307068,4,-1,-1
165,-1,1639,739,75,83,0.27466076612472534,6,-1,-1
220,-1,1405,993,163,89,0.8555327653884888,4,-1,-1
220,-1,1610,754,191,102,0.8419700860977173,6,-1,-1
220,-1,1747,1028,202,99,0.8385151028633118,4,-1,-1
220,-1,2483,877,174,63,0.6391047835350037,4,-1,-1
205,-1,0,574,292,176,0.8210362792015076,6,-1,-1
205,-1,1972,802,209,116,0.8042774200439453,6,-1,-1
205,-1,1163,890,163,87,0.6989880204200745,4,-1,-1
205,-1,1637,665,71,101,0.3944471478462219,6,-1,-1
205,-1,361,548,71,41,0.3752201795578003,4,-1,-1
222,-1,1841,1051,213,99,0.8542814254760742,4,-1,-1
222,-1,1481,1010,172,98,0.830053985118866,4,-1,-1
222,-1,1569,750,188,93,0.824333667755127,6,-1,-1
222,-1,2426,868,168,66,0.7344418168067932,4,-1,-1
222,-1,350,545,72,40,0.28590691089630127,4,-1,-1
250,-1,2148,851,155,63,0.7831040024757385,4,-1,-1
250,-1,1612,839,154,78,0.6637513041496277,4,-1,-1
250,-1,1721,762,130,56,0.5575945377349854,4,-1,-1
250,-1,1629,673,70,74,0.2734066843986511,6,-1,-1
111,-1,1490,484,133,78,0.8048568964004517,6,-1,-1
111,-1,86,465,113,67,0.7338058948516846,6,-1,-1
77,-1,194,571,71,50,0.7266296744346619,4,-1,-1
77,-1,1826,459,92,59,0.6766219735145569,6,-1,-1
77,-1,299,449,102,57,0.6580708622932434,6,-1,-1
77,-1,58,411,81,47,0.6006338000297546,6,-1,-1
77,-1,1937,497,87,42,0.30766376852989197,4,-1,-1
181,-1,2122,1152,260,190,0.8752092719078064,6,-1,-1
181,-1,543,551,263,131,0.8658277988433838,6,-1,-1
181,-1,2432,1189,254,137,0.6467186808586121,4,-1,-1
181,-1,2638,924,82,109,0.3308023512363434,6,-1,-1
181,-1,2430,1186,256,141,0.2545047998428345,6,-1,-1
209,-1,1874,793,199,107,0.8373663425445557,6,-1,-1
209,-1,1313,930,155,80,0.7234117388725281,4,-1,-1
209,-1,1034,905,145,82,0.6129677891731262,4,-1,-1
209,-1,0,591,168,161,0.43391168117523193,9,-1,-1
209,-1,0,595,173,160,0.4237768352031708,6,-1,-1
209,-1,1638,679,67,86,0.27857905626296997,6,-1,-1
183,-1,2231,1155,269,192,0.8990272283554077,6,-1,-1
183,-1,504,535,269,135,0.8723562955856323,6,-1,-1
183,-1,2576,896,144,126,0.717288076877594,6,-1,-1
183,-1,2543,1185,176,159,0.5992826819419861,6,-1,-1
183,-1,1496,798,116,54,0.3128245174884796,7,-1,-1
41,-1,1929,1019,179,93,0.8237889409065247,4,-1,-1
41,-1,1498,835,129,64,0.8184764981269836,4,-1,-1
41,-1,334,448,97,58,0.8051275610923767,6,-1,-1
41,-1,1478,539,141,71,0.7362176179885864,6,-1,-1
41,-1,243,554,50,27,0.71735018491745,4,-1,-1
41,-1,152,549,58,32,0.6793837547302246,4,-1,-1
41,-1,89,414,84,45,0.6288444995880127,6,-1,-1
41,-1,0,499,29,37,0.5731236338615417,4,-1,-1
41,-1,1418,538,203,72,0.4800787568092346,6,-1,-1
41,-1,1977,473,190,78,0.36645931005477905,6,-1,-1
100,-1,97,465,110,65,0.726132869720459,6,-1,-1
100,-1,1568,480,129,66,0.7176240682601929,6,-1,-1
84,-1,1747,463,108,62,0.765451967716217,6,-1,-1
84,-1,232,453,108,62,0.737244188785553,6,-1,-1
84,-1,102,514,54,31,0.509933352470398,4,-1,-1
84,-1,172,596,75,54,0.4700504541397095,4,-1,-1
84,-1,0,417,70,45,0.4695340394973755,6,-1,-1
84,-1,171,595,77,57,0.29928475618362427,5,-1,-1
84,-1,2206,478,67,52,0.2602936029434204,6,-1,-1
171,-1,1632,1068,217,156,0.8636239171028137,6,-1,-1
171,-1,712,549,229,118,0.8433060050010681,6,-1,-1
171,-1,1927,1103,206,121,0.6345183253288269,6,-1,-1
171,-1,1821,889,133,60,0.49782752990722656,4,-1,-1
171,-1,1639,738,75,86,0.26815950870513916,6,-1,-1
55,-1,1926,933,157,80,0.8354787826538086,4,-1,-1
55,-1,2478,1160,240,117,0.7365677356719971,4,-1,-1
55,-1,323,449,102,58,0.7049113512039185,6,-1,-1
55,-1,1685,517,113,64,0.646880567073822,6,-1,-1
55,-1,84,418,77,45,0.6415473818778992,6,-1,-1
55,-1,358,582,58,29,0.6223165392875671,4,-1,-1
55,-1,255,577,67,36,0.6067685484886169,4,-1,-1
55,-1,1617,518,183,64,0.48780325055122375,6,-1,-1
55,-1,480,560,57,31,0.44735491275787354,4,-1,-1
55,-1,2064,468,184,74,0.4319716691970825,6,-1,-1
55,-1,1896,453,65,52,0.4073610305786133,6,-1,-1
55,-1,59,525,61,44,0.40663987398147583,5,-1,-1
153,-1,949,521,189,99,0.8380984663963318,6,-1,-1
153,-1,2283,1149,215,105,0.8203994631767273,4,-1,-1
153,-1,2404,975,163,72,0.782936155796051,4,-1,-1
153,-1,1265,946,159,109,0.4638253450393677,7,-1,-1
153,-1,977,919,168,122,0.361040860414505,6,-1,-1
153,-1,978,919,168,124,0.3564671277999878,4,-1,-1
153,-1,1264,946,161,111,0.30921903252601624,4,-1,-1
153,-1,1631,713,70,112,0.26022034883499146,6,-1,-1
80,-1,208,579,69,51,0.7869317531585693,4,-1,-1
80,-1,293,449,102,58,0.7521729469299316,6,-1,-1
80,-1,1814,460,93,63,0.7209165692329407,6,-1,-1
80,-1,47,412,83,47,0.6092689633369446,6,-1,-1
80,-1,208,515,49,31,0.5782890915870667,4,-1,-1
27,-1,1380,897,146,89,0.7350601553916931,4,-1,-1
27,-1,1085,563,163,91,0.7342454791069031,6,-1,-1
27,-1,148,450,106,62,0.722793459892273,6,-1,-1
27,-1,1705,479,210,91,0.6803217530250549,6,-1,-1
140,-1,1126,506,172,91,0.8175433278083801,6,-1,-1
140,-1,1730,1024,166,87,0.8103886246681213,4,-1,-1
140,-1,0,473,50,64,0.6489549279212952,6,-1,-1
191,-1,320,527,304,151,0.8581839203834534,6,-1,-1
191,-1,2340,854,238,130,0.800851583480835,6,-1,-1
191,-1,340,396,93,48,0.3628723919391632,6,-1,-1
115,-1,1455,486,142,79,0.7994770407676697,6,-1,-1
115,-1,78,464,116,68,0.692284345626831,6,-1,-1
76,-1,191,569,66,48,0.7562476992607117,4,-1,-1
76,-1,301,447,102,59,0.71833336353302,6,-1,-1
76,-1,60,413,80,45,0.6386372447013855,6,-1,-1
76,-1,1828,459,95,56,0.5521296262741089,6,-1,-1
76,-1,249,519,52,34,0.32689183950424194,4,-1,-1
186,-1,2402,1172,285,198,0.8983975052833557,6,-1,-1
186,-1,442,523,276,134,0.8713266253471375,6,-1,-1
186,-1,2484,870,235,127,0.8336504697799683,6,-1,-1
193,-1,271,534,314,153,0.8302392363548279,6,-1,-1
193,-1,2284,844,237,124,0.8121175765991211,6,-1,-1
108,-1,1512,483,129,75,0.7648885250091553,6,-1,-1
108,-1,81,465,122,67,0.7109202146530151,6,-1,-1
108,-1,945,444,91,39,0.287924200296402,6,-1,-1
25,-1,95,450,112,64,0.7487804293632507,6,-1,-1
25,-1,999,564,175,92,0.712483823299408,6,-1,-1
25,-1,1642,475,215,91,0.6472398638725281,6,-1,-1
25,-1,1295,883,138,85,0.3591204583644867,4,-1,-1
25,-1,1291,882,142,86,0.35012534260749817,7,-1,-1
13,-1,570,613,227,109,0.7921029329299927,6,-1,-1
13,-1,1412,481,237,111,0.7646088600158691,6,-1,-1
13,-1,0,456,60,64,0.7197388410568237,6,-1,-1
13,-1,1580,433,80,44,0.4045669436454773,4,-1,-1
13,-1,2476,985,44,74,0.27024316787719727,2,-1,-1
36,-1,337,448,98,59,0.7852604985237122,6,-1,-1
36,-1,1413,544,131,79,0.7052520513534546,6,-1,-1
36,-1,53,488,44,24,0.6490965485572815,4,-1,-1
36,-1,1764,973,172,96,0.6463869214057922,4,-1,-1
36,-1,94,414,79,44,0.627639889717102,6,-1,-1
36,-1,117,538,47,31,0.6039537191390991,4,-1,-1
36,-1,203,541,52,28,0.5362325310707092,4,-1,-1
36,-1,1373,800,119,67,0.5159095525741577,4,-1,-1
36,-1,1940,477,192,81,0.3712599277496338,6,-1,-1
129,-1,1259,497,151,85,0.830425500869751,6,-1,-1
129,-1,0,468,82,71,0.7679093480110168,6,-1,-1
229,-1,1789,1084,193,108,0.8560610413551331,4,-1,-1
229,-1,2207,1133,246,116,0.8539970517158508,4,-1,-1
229,-1,2411,990,201,89,0.8266683220863342,4,-1,-1
229,-1,2229,841,156,63,0.801487386226654,4,-1,-1
229,-1,1425,729,173,96,0.7993894219398499,6,-1,-1
229,-1,348,546,74,39,0.3833465874195099,4,-1,-1
40,-1,1894,1011,177,92,0.8223990201950073,4,-1,-1
40,-1,333,447,99,58,0.7835097312927246,6,-1,-1
40,-1,1471,828,126,66,0.7006738185882568,4,-1,-1
40,-1,1467,539,137,73,0.6572802066802979,6,-1,-1
40,-1,90,416,82,42,0.6175788640975952,6,-1,-1
40,-1,1975,478,188,83,0.541476309299469,6,-1,-1
40,-1,238,551,51,28,0.5062598586082458,4,-1,-1
40,-1,0,499,21,34,0.463257372379303,4,-1,-1
40,-1,142,548,56,31,0.35551920533180237,4,-1,-1
97,-1,99,467,111,64,0.7617594003677368,6,-1,-1
97,-1,1589,476,125,71,0.7409287691116333,6,-1,-1
97,-1,61,455,31,30,0.250089168548584,4,-1,-1
216,-1,1261,959,154,87,0.8509465456008911,4,-1,-1
216,-1,1697,766,200,102,0.8135622143745422,6,-1,-1
216,-1,1566,988,197,92,0.8017943501472473,4,-1,-1
216,-1,2596,891,124,66,0.2737778127193451,4,-1,-1
142,-1,1794,1038,174,90,0.8249555230140686,4,-1,-1
142,-1,1095,508,173,92,0.7910869121551514,6,-1,-1
142,-1,0,474,32,62,0.5134044885635376,6,-1,-1
91,-1,1628,476,120,68,0.7601192593574524,6,-1,-1
91,-1,99,464,118,68,0.7460089325904846,6,-1,-1
91,-1,109,637,79,50,0.5522812604904175,4,-1,-1
91,-1,90,453,126,65,0.26439619064331055,6,-1,-1
63,-1,2230,1002,184,86,0.8474270105361938,4,-1,-1
63,-1,317,445,100,62,0.7482548952102661,6,-1,-1
63,-1,72,416,81,43,0.7160767316818237,6,-1,-1
63,-1,117,541,63,44,0.7154616713523865,4,-1,-1
63,-1,1784,505,102,58,0.5364812612533569,6,-1,-1
63,-1,316,591,70,40,0.484246164560318,4,-1,-1
63,-1,393,541,56,34,0.41272541880607605,4,-1,-1
63,-1,1854,456,90,52,0.38361018896102905,6,-1,-1
63,-1,23,413,134,45,0.2757553458213806,6,-1,-1
211,-1,1820,784,198,109,0.8521953821182251,6,-1,-1
211,-1,1097,919,147,83,0.8321336507797241,4,-1,-1
211,-1,1378,944,170,87,0.7238092422485352,4,-1,-1
211,-1,0,621,114,137,0.5184487700462341,6,-1,-1
70,-1,2561,1084,158,88,0.8478507995605469,4,-1,-1
70,-1,313,443,102,64,0.7986057996749878,6,-1,-1
70,-1,160,554,64,46,0.725862979888916,4,-1,-1
70,-1,315,530,54,30,0.7128756046295166,4,-1,-1
70,-1,65,413,83,45,0.5211156010627747,6,-1,-1
199,-1,100,558,351,160,0.8777722716331482,6,-1,-1
199,-1,2122,825,226,117,0.8299539089202881,6,-1,-1
199,-1,273,398,107,53,0.2812153100967407,6,-1,-1
199,-1,284,398,96,41,0.25813308358192444,6,-1,-1
155,-1,1037,931,175,125,0.7915158271789551,6,-1,-1
155,-1,921,523,199,101,0.7884679436683655,6,-1,-1
155,-1,2390,1166,225,116,0.7698736786842346,4,-1,-1
155,-1,1324,962,163,107,0.7446228265762329,6,-1,-1
155,-1,2329,961,161,75,0.6543123126029968,4,-1,-1
155,-1,1629,722,74,102,0.44304776191711426,6,-1,-1
243,-1,1876,794,138,52,0.8114142417907715,4,-1,-1
243,-1,1854,887,160,77,0.8005412817001343,4,-1,-1
243,-1,2333,880,164,59,0.7861207723617554,4,-1,-1
243,-1,2604,1272,115,121,0.7603508234024048,4,-1,-1
243,-1,345,547,76,40,0.4905351996421814,4,-1,-1
243,-1,0,613,74,38,0.48951515555381775,4,-1,-1
187,-1,2462,1179,258,208,0.8865553736686707,6,-1,-1
187,-1,2454,864,262,135,0.8737131953239441,6,-1,-1
187,-1,420,523,277,138,0.8614351153373718,6,-1,-1
187,-1,346,401,101,49,0.4974537193775177,6,-1,-1
81,-1,209,582,68,52,0.7833561897277832,4,-1,-1
81,-1,1802,464,98,60,0.7563733458518982,6,-1,-1
81,-1,281,446,110,63,0.683026909828186,6,-1,-1
81,-1,38,416,81,42,0.6246551871299744,6,-1,-1
81,-1,186,514,52,32,0.5947384238243103,4,-1,-1
15,-1,1427,478,243,115,0.8020984530448914,6,-1,-1
15,-1,0,456,59,64,0.7230106592178345,6,-1,-1
15,-1,638,610,209,99,0.6977364420890808,6,-1,-1
15,-1,1585,434,78,54,0.25897663831710815,4,-1,-1
21,-1,1527,476,217,99,0.7592574954032898,6,-1,-1
21,-1,0,452,99,66,0.7209687829017639,6,-1,-1
21,-1,1123,864,135,81,0.5244945883750916,4,-1,-1
21,-1,826,582,188,93,0.5140601396560669,6,-1,-1
21,-1,823,582,190,94,0.4443937838077545,7,-1,-1
14,-1,1420,479,241,120,0.7780159711837769,6,-1,-1
14,-1,600,614,218,104,0.7657849788665771,6,-1,-1
14,-1,0,457,59,65,0.7341906428337097,6,-1,-1
14,-1,1577,434,83,49,0.30634382367134094,4,-1,-1
264,-1,1798,814,141,65,0.6842419505119324,4,-1,-1
264,-1,107,560,66,36,0.31579911708831787,4,-1,-1
264,-1,335,552,75,37,0.26633378863334656,4,-1,-1
120,-1,1386,488,146,81,0.8161131143569946,6,-1,-1
120,-1,29,463,124,70,0.768128514289856,6,-1,-1
170,-1,1588,1059,214,157,0.8948485851287842,6,-1,-1
170,-1,727,547,225,115,0.8460328578948975,6,-1,-1
170,-1,1854,892,135,66,0.7767828702926636,4,-1,-1
170,-1,1886,1096,197,115,0.5980308651924133,4,-1,-1
170,-1,1886,1096,199,116,0.3305952847003937,6,-1,-1
170,-1,1640,741,72,83,0.2630275785923004,6,-1,-1
161,-1,1238,981,184,134,0.8030083179473877,6,-1,-1
161,-1,2133,937,145,68,0.7904977798461914,4,-1,-1
161,-1,853,532,202,107,0.7526918649673462,6,-1,-1
161,-1,1527,1013,172,113,0.6073270440101624,6,-1,-1
161,-1,1632,737,76,83,0.546602725982666,6,-1,-1
256,-1,1994,839,149,60,0.7933433651924133,4,-1,-1
256,-1,1430,814,142,68,0.483367383480072,4,-1,-1
256,-1,1430,814,141,68,0.4453389644622803,6,-1,-1
256,-1,1602,748,121,52,0.32726338505744934,6,-1,-1
105,-1,1532,481,144,74,0.7486634254455566,6,-1,-1
105,-1,88,463,114,69,0.7034470438957214,6,-1,-1
198,-1,133,553,340,161,0.8744577169418335,6,-1,-1
198,-1,2150,824,226,117,0.8473334312438965,6,-1,-1
230,-1,2268,1146,250,117,0.8508155345916748,4,-1,-1
230,-1,1839,1097,195,107,0.8398250937461853,4,-1,-1
230,-1,2368,982,196,89,0.835421621799469,4,-1,-1
230,-1,2204,837,153,63,0.8123703598976135,4,-1,-1
230,-1,1408,729,171,89,0.8017356395721436,6,-1,-1
230,-1,347,546,75,39,0.3871496915817261,4,-1,-1
136,-1,1190,505,158,87,0.8250079154968262,6,-1,-1
136,-1,0,468,79,69,0.7383086085319519,6,-1,-1
136,-1,1591,987,163,85,0.40125104784965515,4,-1,-1
255,-1,2015,840,153,61,0.7838361263275146,4,-1,-1
255,-1,1617,749,125,53,0.5845984816551208,4,-1,-1
255,-1,1461,819,139,67,0.5430885553359985,4,-1,-1
67,-1,2408,1041,203,94,0.8366320133209229,4,-1,-1
67,-1,316,442,102,63,0.7494926452636719,6,-1,-1
67,-1,71,411,81,46,0.6782563924789429,6,-1,-1
67,-1,351,534,52,30,0.6645160913467407,4,-1,-1
67,-1,142,544,64,48,0.6345338225364685,4,-1,-1
67,-1,1839,451,103,60,0.396312952041626,6,-1,-1
67,-1,351,595,54,36,0.2828952372074127,4,-1,-1
67,-1,277,434,30,24,0.2541429102420807,4,-1,-1
150,-1,982,515,185,99,0.8677234649658203,6,-1,-1
150,-1,2131,1116,201,100,0.8345428705215454,4,-1,-1
150,-1,2519,989,159,75,0.7808589339256287,4,-1,-1
150,-1,1187,941,144,91,0.7055703401565552,4,-1,-1
144,-1,1059,508,179,95,0.8535400032997131,6,-1,-1
144,-1,1867,1053,178,92,0.8420998454093933,4,-1,-1
144,-1,1642,720,70,100,0.3408900499343872,6,-1,-1
82,-1,274,446,108,61,0.7445393800735474,6,-1,-1
82,-1,1795,461,99,64,0.7445061802864075,6,-1,-1
82,-1,204,587,73,54,0.6209505200386047,4,-1,-1
82,-1,25,414,88,47,0.5003914833068848,6,-1,-1
82,-1,169,515,50,30,0.49301645159721375,4,-1,-1
192,-1,298,528,308,153,0.8695175647735596,6,-1,-1
192,-1,2311,848,241,129,0.8550859093666077,6,-1,-1
58,-1,2033,959,167,81,0.8442668914794922,4,-1,-1
58,-1,280,583,62,35,0.705194890499115,4,-1,-1
58,-1,443,554,61,35,0.6367709636688232,4,-1,-1
58,-1,1731,512,103,64,0.6220235228538513,6,-1,-1
58,-1,323,449,99,59,0.5692499279975891,6,-1,-1
58,-1,83,532,61,44,0.5096406936645508,4,-1,-1
58,-1,84,416,79,47,0.45377117395401,6,-1,-1
58,-1,2625,1196,94,94,0.38361915946006775,4,-1,-1
58,-1,1890,455,68,52,0.35989654064178467,6,-1,-1
6,-1,1339,490,259,129,0.7431727051734924,6,-1,-1
6,-1,355,654,247,114,0.7318860292434692,6,-1,-1
6,-1,0,455,63,67,0.6445271372795105,6,-1,-1
204,-1,2000,809,206,112,0.8361186385154724,6,-1,-1
204,-1,0,572,324,178,0.8053098917007446,6,-1,-1
204,-1,1144,889,152,79,0.6727533936500549,4,-1,-1
204,-1,359,547,74,39,0.5198119878768921,4,-1,-1
204,-1,1639,670,69,96,0.36645999550819397,6,-1,-1
49,-1,1724,888,144,74,0.8301320672035217,4,-1,-1
49,-1,2218,1093,216,106,0.800276517868042,4,-1,-1
49,-1,306,572,56,28,0.7441449761390686,4,-1,-1
49,-1,209,565,62,34,0.6962177753448486,4,-1,-1
49,-1,1605,527,119,64,0.6871442794799805,6,-1,-1
49,-1,328,449,101,59,0.6658377647399902,6,-1,-1
49,-1,22,514,57,41,0.4598354995250702,4,-1,-1
49,-1,85,420,80,42,0.3672414720058441,6,-1,-1
49,-1,2032,470,178,83,0.3431551158428192,6,-1,-1
49,-1,1912,451,61,50,0.2561512589454651,6,-1,-1
104,-1,1542,482,137,71,0.7793731689453125,6,-1,-1
104,-1,90,462,113,69,0.7163232564926147,6,-1,-1
258,-1,1943,836,149,64,0.7859325408935547,4,-1,-1
258,-1,1373,809,139,70,0.6243342757225037,6,-1,-1
258,-1,1558,747,126,54,0.2541474401950836,6,-1,-1
227,-1,2095,1108,236,111,0.8563501834869385,4,-1,-1
227,-1,1697,1061,184,105,0.8531401753425598,4,-1,-1
227,-1,2503,1006,212,92,0.8198421001434326,4,-1,-1
227,-1,2285,847,158,64,0.8002371788024902,4,-1,-1
227,-1,1465,734,176,97,0.7738580107688904,6,-1,-1
227,-1,350,546,74,39,0.38449227809906006,4,-1,-1
56,-1,1957,941,167,80,0.8570334315299988,4,-1,-1
56,-1,2528,1167,191,123,0.7407991290092468,4,-1,-1
56,-1,326,450,98,57,0.7125663161277771,6,-1,-1
56,-1,83,418,75,43,0.6785025596618652,6,-1,-1
56,-1,268,578,63,38,0.6645960211753845,4,-1,-1
56,-1,2057,467,194,81,0.6445421576499939,6,-1,-1
56,-1,1697,517,110,61,0.631598949432373,6,-1,-1
56,-1,1629,521,174,59,0.4798906743526459,6,-1,-1
56,-1,69,526,59,45,0.44544312357902527,5,-1,-1
56,-1,1893,454,68,51,0.42562875151634216,6,-1,-1
56,-1,468,556,61,36,0.4120074212551117,4,-1,-1
56,-1,368,586,60,31,0.3360654413700104,4,-1,-1
56,-1,2058,472,174,63,0.291607141494751,6,-1,-1
56,-1,1846,455,116,51,0.25421053171157837,6,-1,-1
162,-1,1272,988,188,135,0.8622533679008484,6,-1,-1
162,-1,2104,933,139,67,0.7911561131477356,4,-1,-1
162,-1,841,531,207,109,0.7631970643997192,6,-1,-1
162,-1,1560,1027,179,106,0.7436875104904175,4,-1,-1
162,-1,1635,741,73,79,0.32475003600120544,6,-1,-1
162,-1,842,546,170,93,0.2618483603000641,6,-1,-1
127,-1,1276,496,148,83,0.8172325491905212,6,-1,-1
127,-1,0,467,82,69,0.712520182132721,6,-1,-1
127,-1,1305,908,132,83,0.3616889417171478,4,-1,-1
122,-1,1336,489,146,83,0.8614574074745178,6,-1,-1
122,-1,0,462,102,71,0.7296574711799622,6,-1,-1
163,-1,1307,997,192,135,0.832197904586792,6,-1,-1
163,-1,2070,930,140,62,0.7739246487617493,4,-1,-1
163,-1,828,533,208,110,0.7362422943115234,6,-1,-1
163,-1,1597,1029,184,116,0.5701941251754761,4,-1,-1
163,-1,1636,727,74,92,0.3740535378456116,6,-1,-1
59,-1,2069,967,171,83,0.8487600684165955,4,-1,-1
59,-1,1738,512,102,59,0.6833555102348328,6,-1,-1
59,-1,321,451,101,57,0.6751227378845215,6,-1,-1
59,-1,286,587,60,35,0.6247206926345825,4,-1,-1
59,-1,90,534,60,44,0.4908784329891205,4,-1,-1
59,-1,82,418,79,44,0.4016841650009155,6,-1,-1
59,-1,446,554,47,33,0.39870521426200867,4,-1,-1
59,-1,1669,516,170,60,0.3667104244232178,6,-1,-1
221,-1,1588,752,188,97,0.8466735482215881,6,-1,-1
221,-1,1794,1039,207,101,0.8438268899917603,4,-1,-1
221,-1,1442,1001,166,94,0.8337492346763611,4,-1,-1
221,-1,2455,872,169,64,0.7379645109176636,4,-1,-1
200,-1,71,561,354,162,0.8761616945266724,6,-1,-1
200,-1,2102,821,214,118,0.8410489559173584,6,-1,-1
200,-1,262,397,114,55,0.37615302205085754,6,-1,-1
116,-1,1450,487,140,80,0.7817116379737854,6,-1,-1
116,-1,82,466,111,65,0.7176157832145691,6,-1,-1
253,-1,2068,847,152,58,0.7614786028862,4,-1,-1
253,-1,1655,750,133,55,0.6199378371238708,4,-1,-1
253,-1,1520,826,145,70,0.48337212204933167,4,-1,-1
261,-1,1867,823,149,69,0.7113500237464905,4,-1,-1
244,-1,1854,789,135,50,0.8190914392471313,4,-1,-1
244,-1,1817,881,160,72,0.8044761419296265,4,-1,-1
244,-1,2304,874,165,64,0.7801898717880249,4,-1,-1
244,-1,1,613,77,38,0.5592013597488403,4,-1,-1
244,-1,347,549,76,38,0.3010283410549164,4,-1,-1
235,-1,2100,1157,218,117,0.8491799235343933,4,-1,-1
235,-1,2073,821,145,56,0.8121182322502136,4,-1,-1
235,-1,2152,943,180,81,0.8022512197494507,4,-1,-1
235,-1,2561,907,158,69,0.7686887383460999,4,-1,-1
235,-1,2585,1213,135,107,0.7513222098350525,4,-1,-1
235,-1,350,547,73,40,0.47384485602378845,4,-1,-1
146,-1,1943,1074,188,89,0.845115602016449,4,-1,-1
146,-1,1032,510,178,94,0.8331518173217773,6,-1,-1
146,-1,2668,1012,52,61,0.4308251738548279,4,-1,-1
146,-1,1161,955,64,43,0.3063158690929413,4,-1,-1
146,-1,1634,717,66,106,0.277334600687027,6,-1,-1
72,-1,312,447,97,60,0.7877945899963379,6,-1,-1
72,-1,295,524,54,36,0.7323204874992371,4,-1,-1
72,-1,171,560,66,46,0.670650839805603,4,-1,-1
72,-1,64,412,81,46,0.6550695300102234,6,-1,-1
72,-1,2672,1110,47,76,0.5136863589286804,4,-1,-1
72,-1,1886,494,92,59,0.3000553250312805,6,-1,-1
73,-1,308,447,102,60,0.7508488297462463,6,-1,-1
73,-1,174,561,68,49,0.7414003610610962,4,-1,-1
73,-1,62,413,83,45,0.6417199373245239,6,-1,-1
73,-1,286,522,51,34,0.5594689249992371,4,-1,-1
73,-1,1832,457,97,57,0.5295891165733337,6,-1,-1
73,-1,1780,458,142,55,0.2607251703739166,6,-1,-1
73,-1,2178,471,166,65,0.257001668214798,6,-1,-1
152,-1,955,520,196,96,0.8358889818191528,6,-1,-1
152,-1,2231,1137,209,109,0.8276907801628113,4,-1,-1
152,-1,2441,980,164,70,0.8026878833770752,4,-1,-1
152,-1,1238,940,155,109,0.4033341407775879,4,-1,-1
152,-1,1240,942,153,104,0.38721776008605957,7,-1,-1
152,-1,941,911,177,123,0.30104008316993713,6,-1,-1
172,-1,1677,1079,221,162,0.8722634315490723,6,-1,-1
172,-1,693,551,235,120,0.8516297936439514,6,-1,-1
172,-1,1795,885,130,58,0.7688765525817871,4,-1,-1
172,-1,1972,1117,210,116,0.7645532488822937,4,-1,-1
172,-1,1638,737,72,83,0.35669848322868347,6,-1,-1
106,-1,87,465,115,67,0.7568098306655884,6,-1,-1
106,-1,1527,484,125,73,0.7451128363609314,6,-1,-1
252,-1,2093,847,155,60,0.769249677658081,4,-1,-1
252,-1,1548,826,150,76,0.6534854769706726,6,-1,-1
252,-1,1680,757,125,55,0.6061158180236816,4,-1,-1
252,-1,1548,828,151,74,0.4169633090496063,4,-1,-1
252,-1,1628,674,70,72,0.28357791900634766,6,-1,-1
79,-1,205,577,69,49,0.7984656095504761,4,-1,-1
79,-1,297,448,101,59,0.7451863884925842,6,-1,-1
79,-1,1817,460,98,61,0.7093503475189209,6,-1,-1
79,-1,52,414,82,45,0.4509061872959137,6,-1,-1
79,-1,217,517,53,29,0.36489400267601013,4,-1,-1
185,-1,2338,1162,285,195,0.8860533237457275,6,-1,-1
185,-1,460,522,279,138,0.8810539245605469,6,-1,-1
185,-1,2512,876,208,131,0.8607434630393982,6,-1,-1
185,-1,2662,1197,58,128,0.26716741919517517,4,-1,-1
109,-1,1509,482,128,75,0.7847923636436462,6,-1,-1
109,-1,86,466,114,66,0.7185496687889099,6,-1,-1
46,-1,1632,867,142,68,0.7922288775444031,4,-1,-1
46,-1,331,450,97,58,0.7879697680473328,6,-1,-1
46,-1,188,559,62,35,0.7699908018112183,4,-1,-1
46,-1,2102,1064,203,98,0.7656826972961426,4,-1,-1
46,-1,1562,532,127,65,0.764760434627533,6,-1,-1
46,-1,279,560,50,32,0.7294952869415283,4,-1,-1
46,-1,2016,471,180,78,0.6018237471580505,6,-1,-1
46,-1,80,416,88,42,0.5602503418922424,6,-1,-1
46,-1,1919,451,56,50,0.36641794443130493,6,-1,-1
46,-1,0,504,60,45,0.34813833236694336,6,-1,-1
121,-1,1357,490,145,82,0.8178597688674927,6,-1,-1
121,-1,4,465,122,67,0.7638040781021118,6,-1,-1
69,-1,2505,1066,214,100,0.8393424153327942,4,-1,-1
69,-1,314,443,102,64,0.8170475959777832,6,-1,-1
69,-1,152,549,67,48,0.7409653663635254,4,-1,-1
69,-1,325,532,56,31,0.6680986881256104,4,-1,-1
69,-1,69,412,84,46,0.6248105764389038,6,-1,-1
9,-1,447,634,243,111,0.79989093542099,6,-1,-1
9,-1,1381,478,240,123,0.7311494946479797,6,-1,-1
9,-1,0,455,63,67,0.7264388799667358,6,-1,-1
9,-1,2573,1075,52,81,0.2706650495529175,1,-1,-1
210,-1,1849,788,197,111,0.8248271346092224,6,-1,-1
210,-1,1067,913,144,82,0.7230899333953857,4,-1,-1
210,-1,1343,936,163,84,0.7129255533218384,4,-1,-1
210,-1,0,655,145,97,0.6972100138664246,6,-1,-1
210,-1,0,597,137,147,0.5168907642364502,6,-1,-1
148,-1,2038,1095,191,97,0.8441076278686523,4,-1,-1
148,-1,1009,511,182,98,0.8066288828849792,6,-1,-1
148,-1,2593,996,127,70,0.6960771679878235,4,-1,-1
148,-1,1131,923,151,92,0.4593902826309204,4,-1,-1
148,-1,1632,727,69,93,0.26813817024230957,6,-1,-1
188,-1,2426,860,253,138,0.8943847417831421,6,-1,-1
188,-1,393,526,290,142,0.8825968503952026,6,-1,-1
188,-1,2525,1182,194,223,0.8197158575057983,6,-1,-1
188,-1,348,395,94,53,0.41732317209243774,6,-1,-1
263,-1,1821,820,145,62,0.7637500762939453,4,-1,-1
263,-1,116,565,76,34,0.5135224461555481,4,-1,-1
263,-1,336,551,73,39,0.2833373248577118,4,-1,-1
240,-1,2399,1223,251,131,0.8432887196540833,4,-1,-1
240,-1,1959,907,168,78,0.8158164620399475,4,-1,-1
240,-1,1947,802,139,58,0.8035299181938171,4,-1,-1
240,-1,2415,891,172,71,0.6869905591011047,4,-1,-1
240,-1,0,606,44,40,0.5877615213394165,4,-1,-1
240,-1,347,548,73,39,0.34641605615615845,4,-1,-1
64,-1,2274,1010,187,89,0.8451722860336304,4,-1,-1
64,-1,320,442,98,62,0.6766380667686462,6,-1,-1
64,-1,383,540,53,32,0.6745259165763855,4,-1,-1
64,-1,74,413,79,45,0.6525082588195801,6,-1,-1
64,-1,121,540,64,44,0.6165540218353271,4,-1,-1
64,-1,325,590,67,37,0.4643348157405853,4,-1,-1
64,-1,1849,453,95,52,0.45645642280578613,6,-1,-1
64,-1,1798,500,97,58,0.42484724521636963,6,-1,-1
134,-1,1213,501,156,90,0.8143601417541504,6,-1,-1
134,-1,0,468,78,71,0.7481855750083923,6,-1,-1
134,-1,1514,971,164,86,0.5534598231315613,7,-1,-1
206,-1,1948,800,207,115,0.8689263463020325,6,-1,-1
206,-1,0,578,268,172,0.815483570098877,6,-1,-1
206,-1,1178,898,183,88,0.735011875629425,4,-1,-1
206,-1,1638,665,68,101,0.4678868055343628,6,-1,-1
206,-1,362,548,71,41,0.3819820284843445,4,-1,-1
54,-1,2435,1146,237,119,0.8348921537399292,4,-1,-1
54,-1,1889,924,156,80,0.8313651084899902,4,-1,-1
54,-1,55,523,59,44,0.771011471748352,4,-1,-1
54,-1,322,449,104,59,0.6892201900482178,6,-1,-1
54,-1,1608,515,177,69,0.6638393998146057,6,-1,-1
54,-1,1662,515,123,67,0.6436154842376709,6,-1,-1
54,-1,252,576,65,37,0.6218037605285645,4,-1,-1
54,-1,86,418,78,45,0.5723771452903748,6,-1,-1
54,-1,492,561,55,34,0.5349738597869873,4,-1,-1
54,-1,1898,451,67,55,0.39804625511169434,6,-1,-1
54,-1,2052,470,192,76,0.3748334050178528,6,-1,-1
54,-1,352,580,49,29,0.2536269724369049,4,-1,-1
223,-1,1892,1063,214,100,0.8460597395896912,4,-1,-1
223,-1,1547,746,185,97,0.8340734839439392,6,-1,-1
223,-1,1522,1020,171,102,0.8305407166481018,4,-1,-1
223,-1,2397,862,168,69,0.7525323629379272,4,-1,-1
223,-1,350,545,75,40,0.3160820007324219,4,-1,-1
223,-1,2696,1024,24,78,0.28434938192367554,4,-1,-1
89,-1,103,466,116,64,0.7848551273345947,6,-1,-1
89,-1,1635,475,119,67,0.745145320892334,6,-1,-1
89,-1,92,630,84,56,0.7105835676193237,4,-1,-1
202,-1,7,563,367,172,0.866719663143158,6,-1,-1
202,-1,2047,816,217,115,0.8084186911582947,6,-1,-1
202,-1,1640,678,67,87,0.28672146797180176,6,-1,-1
241,-1,2464,1239,255,134,0.835538387298584,4,-1,-1
241,-1,1921,899,169,79,0.8102043867111206,4,-1,-1
241,-1,1918,797,143,60,0.8025364875793457,4,-1,-1
241,-1,2379,887,180,78,0.7278239727020264,4,-1,-1
241,-1,0,613,55,37,0.5383556485176086,4,-1,-1
241,-1,347,547,72,39,0.38863784074783325,4,-1,-1
85,-1,151,604,78,58,0.7618464231491089,4,-1,-1
85,-1,204,460,105,59,0.7347288727760315,6,-1,-1
85,-1,67,518,49,32,0.7096723318099976,4,-1,-1
85,-1,1719,467,112,64,0.699309766292572,6,-1,-1
85,-1,1947,495,104,56,0.32197776436805725,6,-1,-1
53,-1,2387,1134,233,123,0.845054030418396,4,-1,-1
53,-1,1853,918,156,77,0.8415303230285645,4,-1,-1
53,-1,49,523,59,41,0.7345758676528931,4,-1,-1
53,-1,1659,521,117,62,0.7131506204605103,6,-1,-1
53,-1,242,574,63,36,0.6496976017951965,4,-1,-1
53,-1,325,449,101,59,0.6479178667068481,6,-1,-1
53,-1,342,579,44,28,0.6080723404884338,4,-1,-1
53,-1,2044,472,191,76,0.4597089886665344,6,-1,-1
53,-1,85,419,80,44,0.4251781702041626,6,-1,-1
53,-1,1900,453,65,50,0.33767473697662354,6,-1,-1
31,-1,1830,471,201,94,0.7189379334449768,6,-1,-1
31,-1,250,449,105,59,0.6717780232429504,6,-1,-1
31,-1,81,538,46,26,0.658650815486908,4,-1,-1
31,-1,1562,934,154,88,0.6499315500259399,4,-1,-1
31,-1,1251,555,154,83,0.5867226719856262,6,-1,-1
31,-1,0,496,39,28,0.5079692006111145,4,-1,-1
31,-1,0,532,42,33,0.4815412163734436,4,-1,-1
31,-1,2640,1077,60,95,0.4723963141441345,1,-1,-1
31,-1,0,413,85,47,0.3863563537597656,6,-1,-1
31,-1,1251,556,149,80,0.28944897651672363,7,-1,-1
31,-1,2689,1119,31,88,0.27483975887298584,1,-1,-1
7,-1,1355,486,254,117,0.7192274332046509,6,-1,-1
7,-1,0,456,63,66,0.7108300924301147,6,-1,-1
7,-1,381,644,252,117,0.7009275555610657,6,-1,-1
7,-1,384,642,247,117,0.36164677143096924,7,-1,-1
7,-1,2524,1180,195,238,0.2917560935020447,6,-1,-1
219,-1,1365,983,164,94,0.8739200234413147,4,-1,-1
219,-1,1701,1019,201,95,0.844005286693573,4,-1,-1
219,-1,1635,758,190,104,0.809883713722229,6,-1,-1
219,-1,2513,880,173,64,0.7479055523872375,4,-1,-1
93,-1,1614,476,115,67,0.7800290584564209,6,-1,-1
93,-1,101,466,113,66,0.7604206800460815,6,-1,-1
93,-1,1618,475,154,69,0.45423147082328796,6,-1,-1
93,-1,125,644,81,44,0.3568876087665558,4,-1,-1
35,-1,335,447,100,59,0.7900257706642151,6,-1,-1
35,-1,108,538,55,29,0.7050420641899109,4,-1,-1
35,-1,93,414,80,44,0.6500210762023926,6,-1,-1
35,-1,56,491,48,24,0.6278045773506165,4,-1,-1
35,-1,1390,546,135,82,0.5371502041816711,6,-1,-1
35,-1,197,541,45,28,0.4925883412361145,4,-1,-1
35,-1,1938,479,187,80,0.42709988355636597,6,-1,-1
35,-1,1736,967,164,89,0.3912419378757477,4,-1,-1
35,-1,1736,968,165,93,0.37352558970451355,6,-1,-1
149,-1,996,514,185,95,0.8195356726646423,6,-1,-1
149,-1,2084,1104,197,98,0.8121559023857117,4,-1,-1
149,-1,2554,990,165,78,0.7540454864501953,4,-1,-1
149,-1,1153,931,153,94,0.672722578048706,4,-1,-1
143,-1,1831,1046,179,91,0.8446213603019714,4,-1,-1
143,-1,1078,509,174,93,0.8352718949317932,6,-1,-1
143,-1,1647,736,71,87,0.3763025403022766,6,-1,-1
143,-1,0,482,22,53,0.2779064476490021,6,-1,-1
246,-1,1808,778,133,56,0.8025673627853394,4,-1,-1
246,-1,2251,862,158,70,0.781285285949707,4,-1,-1
246,-1,1740,866,164,74,0.6027342677116394,4,-1,-1
246,-1,1743,865,162,77,0.4731765389442444,6,-1,-1
225,-1,1607,1041,180,99,0.8705003261566162,4,-1,-1
225,-1,1989,1085,226,107,0.8421216011047363,4,-1,-1
225,-1,2344,854,160,67,0.7784452438354492,4,-1,-1
225,-1,1506,740,181,96,0.7743861675262451,6,-1,-1
225,-1,2597,1025,122,84,0.5187556743621826,4,-1,-1
225,-1,350,547,75,37,0.3986871838569641,4,-1,-1
98,-1,1581,478,128,68,0.7135992646217346,6,-1,-1
98,-1,93,465,115,65,0.6949105858802795,6,-1,-1
30,-1,231,447,103,61,0.7726131081581116,6,-1,-1
30,-1,36,538,57,26,0.6981793642044067,4,-1,-1
30,-1,1517,925,150,80,0.6663120985031128,4,-1,-1
30,-1,1801,476,200,88,0.5139279365539551,6,-1,-1
30,-1,0,502,20,27,0.4287588596343994,4,-1,-1
30,-1,1212,561,150,81,0.40285244584083557,6,-1,-1
30,-1,0,417,56,44,0.34023424983024597,6,-1,-1
30,-1,2612,1071,60,89,0.2654990553855896,1,-1,-1
83,-1,258,450,101,61,0.7468037009239197,6,-1,-1
83,-1,1771,463,107,62,0.710604727268219,6,-1,-1
83,-1,191,591,74,54,0.6915270090103149,4,-1,-1
83,-1,2,417,89,46,0.5620793104171753,6,-1,-1
83,-1,145,512,45,32,0.5335289835929871,4,-1,-1
107,-1,83,464,120,68,0.7333989143371582,6,-1,-1
107,-1,1520,484,125,74,0.6959813237190247,6,-1,-1
189,-1,2394,858,254,132,0.8588969111442566,6,-1,-1
189,-1,372,529,293,140,0.7829736471176147,6,-1,-1
189,-1,2586,1204,133,229,0.72147136926651,6,-1,-1
189,-1,347,394,93,54,0.42957472801208496,6,-1,-1
189,-1,371,526,296,144,0.3608132004737854,9,-1,-1
201,-1,39,565,362,164,0.8601902723312378,6,-1,-1
201,-1,2072,819,218,122,0.8343858122825623,6,-1,-1
201,-1,256,399,117,53,0.31852611899375916,6,-1,-1
132,-1,1230,499,155,86,0.7752743363380432,6,-1,-1
132,-1,0,469,78,71,0.7628087401390076,6,-1,-1
132,-1,1447,962,159,75,0.3981006443500519,4,-1,-1
212,-1,1800,783,197,102,0.8667190670967102,6,-1,-1
212,-1,1128,930,147,80,0.8461441397666931,4,-1,-1
212,-1,1415,953,176,88,0.8337643146514893,4,-1,-1
212,-1,0,605,76,143,0.4759928286075592,6,-1,-1
102,-1,1560,480,121,71,0.755714476108551,6,-1,-1
102,-1,93,465,111,66,0.7353145480155945,6,-1,-1
114,-1,1466,487,137,76,0.8079663515090942,6,-1,-1
114,-1,82,466,115,66,0.7066866755485535,6,-1,-1
43,-1,1547,845,133,68,0.825426459312439,4,-1,-1
43,-1,1994,1034,188,99,0.8104873895645142,4,-1,-1
43,-1,332,448,98,59,0.7936026453971863,6,-1,-1
43,-1,1524,536,117,67,0.6448094248771667,6,-1,-1
43,-1,169,553,56,31,0.6428201198577881,4,-1,-1
43,-1,92,417,77,42,0.6303285956382751,6,-1,-1
43,-1,254,560,59,26,0.5771751403808594,4,-1,-1
43,-1,0,495,42,44,0.39284205436706543,4,-1,-1
43,-1,1924,448,54,49,0.3619272708892822,6,-1,-1
164,-1,813,537,213,111,0.8267242312431335,6,-1,-1
164,-1,1343,1005,195,139,0.8127771019935608,6,-1,-1
164,-1,2037,925,140,63,0.7728392481803894,4,-1,-1
164,-1,1635,1040,185,112,0.6495217084884644,4,-1,-1
95,-1,99,465,113,66,0.7785500288009644,6,-1,-1
95,-1,1599,479,119,67,0.7232512831687927,6,-1,-1
95,-1,144,648,74,35,0.7051758766174316,4,-1,-1
112,-1,1479,484,137,78,0.7701021432876587,6,-1,-1
112,-1,85,466,114,66,0.7252763509750366,6,-1,-1
138,-1,1161,504,164,89,0.8071627020835876,6,-1,-1
138,-1,1657,1006,169,84,0.7646281123161316,4,-1,-1
138,-1,0,467,66,71,0.7426906228065491,6,-1,-1
138,-1,0,645,39,56,0.48295918107032776,4,-1,-1
248,-1,1764,772,131,55,0.7875955700874329,4,-1,-1
248,-1,2193,855,162,67,0.7523162364959717,4,-1,-1
248,-1,1675,854,155,76,0.6534225940704346,4,-1,-1
248,-1,1677,852,154,76,0.4848781228065491,6,-1,-1
248,-1,1627,672,73,79,0.3565671741962433,6,-1,-1
5,-1,1305,491,282,136,0.7911661267280579,6,-1,-1
5,-1,314,660,256,114,0.766096830368042,6,-1,-1
5,-1,0,455,62,67,0.6918085217475891,6,-1,-1
5,-1,2473,986,50,87,0.3038475811481476,2,-1,-1
34,-1,330,448,97,58,0.7290735244750977,6,-1,-1
34,-1,95,532,54,33,0.7073222398757935,4,-1,-1
34,-1,1914,479,199,85,0.6449681520462036,6,-1,-1
34,-1,177,539,48,26,0.6282973885536194,4,-1,-1
34,-1,55,492,48,26,0.6128723621368408,4,-1,-1
34,-1,1695,961,171,88,0.5979596376419067,4,-1,-1
34,-1,1363,546,146,86,0.5747420787811279,6,-1,-1
34,-1,82,416,87,42,0.5634121894836426,6,-1,-1
34,-1,1694,962,173,95,0.2764052748680115,6,-1,-1
99,-1,1578,479,123,70,0.7456764578819275,6,-1,-1
99,-1,95,463,113,66,0.6876142024993896,6,-1,-1
99,-1,1582,475,179,73,0.26236703991889954,6,-1,-1
257,-1,1970,838,147,63,0.7833706140518188,4,-1,-1
257,-1,1403,811,137,71,0.6381315588951111,6,-1,-1
23,-1,29,454,120,63,0.6498199701309204,6,-1,-1
23,-1,1575,479,226,102,0.6257367134094238,6,-1,-1
23,-1,911,565,180,101,0.6176207661628723,6,-1,-1
23,-1,911,565,178,101,0.3958604037761688,7,-1,-1
16,-1,666,603,204,104,0.7773909568786621,6,-1,-1
16,-1,1448,476,224,104,0.7554358243942261,6,-1,-1
16,-1,0,456,58,64,0.7075124382972717,6,-1,-1
19,-1,1464,478,240,116,0.8028150200843811,6,-1,-1
19,-1,0,456,64,64,0.7296943664550781,6,-1,-1
19,-1,746,591,196,97,0.6638507843017578,6,-1,-1
19,-1,1050,859,134,75,0.3099116384983063,4,-1,-1
137,-1,1179,504,162,89,0.8267672657966614,6,-1,-1
137,-1,0,469,74,70,0.7663875818252563,6,-1,-1
137,-1,1622,999,168,81,0.7517940998077393,4,-1,-1
61,-1,2149,986,176,84,0.8708087801933289,4,-1,-1
61,-1,317,450,104,58,0.6511426568031311,6,-1,-1
61,-1,301,589,68,37,0.6297394633293152,4,-1,-1
61,-1,79,416,80,46,0.5324747562408447,6,-1,-1
61,-1,407,547,64,34,0.52168869972229,4,-1,-1
61,-1,104,538,57,44,0.5210316181182861,4,-1,-1
61,-1,1760,511,104,58,0.46240267157554626,6,-1,-1
61,-1,417,598,56,30,0.3063545525074005,4,-1,-1
96,-1,99,466,110,66,0.7904524803161621,6,-1,-1
96,-1,1595,477,123,69,0.7557605504989624,6,-1,-1
96,-1,139,651,86,36,0.6705212593078613,4,-1,-1
96,-1,1912,501,103,45,0.3086868226528168,6,-1,-1
156,-1,2445,1182,237,116,0.8660250902175903,4,-1,-1
156,-1,1068,940,175,125,0.8213425278663635,6,-1,-1
156,-1,2296,959,159,73,0.7590698599815369,4,-1,-1
156,-1,1358,974,163,102,0.7308081984519958,6,-1,-1
156,-1,911,526,189,101,0.7219944596290588,6,-1,-1
156,-1,1630,727,73,97,0.49298980832099915,6,-1,-1
156,-1,1354,975,166,101,0.2978493273258209,4,-1,-1
24,-1,66,453,114,61,0.7193766832351685,6,-1,-1
24,-1,958,565,175,98,0.6632577180862427,6,-1,-1
24,-1,1606,477,223,106,0.6113932728767395,6,-1,-1
24,-1,958,564,176,100,0.3659844994544983,7,-1,-1
159,-1,873,528,207,108,0.8136740326881409,6,-1,-1
159,-1,2196,947,148,63,0.8058840036392212,4,-1,-1
159,-1,1165,965,182,127,0.7223939299583435,6,-1,-1
159,-1,1454,997,171,104,0.5225043892860413,4,-1,-1
159,-1,2628,1219,91,95,0.4166111946105957,4,-1,-1
159,-1,1633,728,68,94,0.3430856764316559,6,-1,-1
33,-1,36,492,48,28,0.7581700086593628,4,-1,-1
33,-1,305,447,99,59,0.7503730654716492,6,-1,-1
33,-1,146,539,56,28,0.7187637090682983,4,-1,-1
33,-1,1325,546,150,88,0.678563117980957,6,-1,-1
33,-1,59,532,58,32,0.6606782078742981,4,-1,-1
33,-1,61,412,78,45,0.6108008623123169,6,-1,-1
33,-1,1657,955,161,82,0.6084322929382324,4,-1,-1
33,-1,1879,478,206,92,0.5400219559669495,6,-1,-1
33,-1,1653,954,164,92,0.4162663519382477,6,-1,-1
173,-1,1725,1088,224,167,0.8801552057266235,6,-1,-1
173,-1,676,551,240,123,0.796629011631012,6,-1,-1
173,-1,1765,880,129,60,0.7610686421394348,4,-1,-1
173,-1,2023,1121,211,125,0.6788213849067688,6,-1,-1
173,-1,1638,729,74,89,0.3296911418437958,6,-1,-1
173,-1,442,460,89,40,0.25477686524391174,6,-1,-1
233,-1,1992,1130,208,113,0.8494082689285278,4,-1,-1
233,-1,2123,825,150,63,0.8001294732093811,4,-1,-1
233,-1,2450,1184,269,129,0.7930334806442261,4,-1,-1
233,-1,2236,959,188,82,0.775524914264679,4,-1,-1
233,-1,347,546,77,40,0.4640580117702484,4,-1,-1
233,-1,1343,715,177,91,0.40371033549308777,6,-1,-1
233,-1,2622,911,98,64,0.36198389530181885,4,-1,-1
145,-1,1045,510,180,92,0.8330775499343872,6,-1,-1
145,-1,1904,1064,181,88,0.8305181860923767,4,-1,-1
145,-1,1637,731,66,88,0.2853509187698364,6,-1,-1
10,-1,491,630,221,111,0.7688944339752197,6,-1,-1
10,-1,1392,477,241,116,0.7590249180793762,6,-1,-1
10,-1,0,455,61,66,0.7376523017883301,6,-1,-1
10,-1,2572,1074,54,91,0.4195473790168762,1,-1,-1
10,-1,1578,432,79,46,0.32959672808647156,4,-1,-1
10,-1,2478,984,45,82,0.27497607469558716,2,-1,-1
141,-1,1113,508,168,91,0.8325670957565308,6,-1,-1
141,-1,1759,1030,174,89,0.8304977416992188,4,-1,-1
141,-1,0,474,40,64,0.586885392665863,6,-1,-1
254,-1,2045,844,148,59,0.7833718061447144,4,-1,-1
254,-1,1638,749,125,52,0.49116700887680054,4,-1,-1
254,-1,1490,823,143,67,0.4586406350135803,6,-1,-1
176,-1,1872,1117,236,166,0.8774198889732361,6,-1,-1
176,-1,635,559,242,121,0.8733386397361755,6,-1,-1
176,-1,2168,1149,227,131,0.6324626207351685,6,-1,-1
176,-1,2168,1149,228,133,0.3716493844985962,4,-1,-1
176,-1,1683,863,125,61,0.36084529757499695,7,-1,-1
176,-1,435,458,91,39,0.3342553377151489,6,-1,-1
184,-1,2290,1156,268,194,0.901433527469635,6,-1,-1
184,-1,482,527,273,136,0.8890628814697266,6,-1,-1
184,-1,2549,887,170,132,0.7975867986679077,6,-1,-1
184,-1,2601,1193,118,146,0.4348955452442169,4,-1,-1
184,-1,2603,1195,116,144,0.33035746216773987,6,-1,-1
117,-1,1440,487,139,78,0.8188621401786804,6,-1,-1
117,-1,80,464,110,63,0.7173078060150146,6,-1,-1
28,-1,1737,474,208,101,0.668465256690979,6,-1,-1
28,-1,173,449,109,60,0.6261353492736816,6,-1,-1
28,-1,1425,907,149,84,0.5063718557357788,4,-1,-1
28,-1,1125,562,163,86,0.4564424157142639,7,-1,-1
28,-1,1126,563,164,85,0.4147569239139557,6,-1,-1
28,-1,2559,1060,62,75,0.35625940561294556,2,-1,-1
28,-1,1425,909,147,83,0.28577324748039246,7,-1,-1
208,-1,1902,795,198,109,0.8205526471138,6,-1,-1
208,-1,1269,918,165,84,0.685286283493042,4,-1,-1
208,-1,1003,898,147,84,0.6657629013061523,4,-1,-1
208,-1,0,585,208,171,0.6314473748207092,9,-1,-1
208,-1,1637,677,68,90,0.44677284359931946,6,-1,-1
208,-1,0,586,206,173,0.4307122230529785,6,-1,-1
208,-1,353,547,78,42,0.34969189763069153,4,-1,-1
26,-1,1043,567,172,88,0.7526172995567322,6,-1,-1
26,-1,118,451,112,61,0.7315940856933594,6,-1,-1
26,-1,1675,475,214,95,0.677474856376648,6,-1,-1
26,-1,1332,888,147,87,0.5475505590438843,4,-1,-1
178,-1,596,561,250,126,0.8715076446533203,6,-1,-1
178,-1,1971,1133,242,179,0.8623231649398804,6,-1,-1
178,-1,2271,1167,236,136,0.4926661550998688,4,-1,-1
178,-1,2270,1166,237,137,0.46922218799591064,6,-1,-1
178,-1,1629,853,115,58,0.33232542872428894,7,-1,-1
101,-1,1562,480,126,71,0.7463161945343018,6,-1,-1
101,-1,95,466,111,67,0.7421309351921082,6,-1,-1
110,-1,1493,483,140,78,0.7545101642608643,6,-1,-1
110,-1,87,466,111,65,0.7098850607872009,6,-1,-1
168,-1,1501,1042,209,152,0.8672581315040588,6,-1,-1
168,-1,757,540,222,116,0.8193433284759521,6,-1,-1
168,-1,1918,906,133,61,0.8115904927253723,4,-1,-1
168,-1,1802,1081,191,113,0.7169569134712219,4,-1,-1
168,-1,1640,742,72,83,0.2901380956172943,6,-1,-1
37,-1,1797,987,173,86,0.7906090021133423,4,-1,-1
37,-1,335,447,99,60,0.7730671167373657,6,-1,-1
37,-1,1397,808,120,65,0.7369725704193115,4,-1,-1
37,-1,94,413,79,45,0.650131344795227,6,-1,-1
37,-1,122,540,58,32,0.6261094212532043,4,-1,-1
37,-1,47,487,45,25,0.624193549156189,4,-1,-1
37,-1,1427,544,131,75,0.5761882662773132,6,-1,-1
37,-1,1946,476,197,84,0.3839525580406189,6,-1,-1
37,-1,215,542,44,29,0.36733123660087585,4,-1,-1
231,-1,1889,1107,199,109,0.8576638102531433,4,-1,-1
231,-1,2322,971,191,92,0.802971363067627,4,-1,-1
231,-1,2322,1158,261,120,0.7927114963531494,4,-1,-1
231,-1,2176,834,154,66,0.78537517786026,4,-1,-1
231,-1,1389,727,167,83,0.7355688810348511,6,-1,-1
231,-1,345,546,77,39,0.4457717537879944,4,-1,-1
231,-1,2689,916,30,66,0.3408953845500946,4,-1,-1
113,-1,1476,487,130,74,0.7970935702323914,6,-1,-1
113,-1,84,465,113,65,0.7003738880157471,6,-1,-1
39,-1,334,447,99,58,0.7958381772041321,6,-1,-1
39,-1,1862,1002,175,92,0.7558218240737915,4,-1,-1
39,-1,1449,544,142,72,0.7196869254112244,6,-1,-1
39,-1,1446,822,125,62,0.6969941854476929,4,-1,-1
39,-1,92,415,80,43,0.6226543188095093,6,-1,-1
39,-1,1963,475,192,89,0.6022726893424988,6,-1,-1
39,-1,138,541,57,34,0.5131767392158508,4,-1,-1
39,-1,35,485,46,26,0.4936259984970093,4,-1,-1
39,-1,226,549,50,30,0.3428654074668884,4,-1,-1
39,-1,1384,544,204,73,0.2676768898963928,6,-1,-1
224,-1,1526,745,183,95,0.8551494479179382,6,-1,-1
224,-1,1565,1031,174,101,0.8501133918762207,4,-1,-1
224,-1,1938,1073,221,105,0.8328933715820312,4,-1,-1
224,-1,2370,857,165,67,0.7752174735069275,4,-1,-1
224,-1,2649,1039,71,77,0.6300636529922485,4,-1,-1
224,-1,348,545,76,40,0.4300781488418579,4,-1,-1
42,-1,1962,1028,184,96,0.8315847516059875,4,-1,-1
42,-1,1521,837,131,68,0.8002411723136902,4,-1,-1
42,-1,334,448,97,59,0.7705999612808228,6,-1,-1
42,-1,1496,535,139,72,0.7417445778846741,6,-1,-1
42,-1,89,413,83,46,0.6379769444465637,6,-1,-1
42,-1,1982,473,190,82,0.6337530016899109,6,-1,-1
42,-1,0,494,37,44,0.6211552023887634,4,-1,-1
42,-1,159,547,54,35,0.5605456233024597,4,-1,-1
42,-1,249,554,57,29,0.5441447496414185,4,-1,-1
42,-1,1923,448,55,48,0.27899113297462463,6,-1,-1
238,-1,2277,1196,233,128,0.8613109588623047,4,-1,-1
238,-1,2033,922,174,80,0.8250934481620789,4,-1,-1
238,-1,2472,899,176,71,0.7881051898002625,4,-1,-1
238,-1,1993,811,144,57,0.7876368165016174,4,-1,-1
238,-1,348,547,71,40,0.4638744294643402,4,-1,-1
238,-1,0,605,22,40,0.3907466530799866,4,-1,-1
78,-1,201,574,68,49,0.7607607245445251,4,-1,-1
78,-1,1816,460,100,61,0.730685830116272,6,-1,-1
78,-1,300,450,100,56,0.6809824109077454,6,-1,-1
78,-1,56,412,81,46,0.6318548321723938,6,-1,-1
78,-1,228,516,53,33,0.43485501408576965,4,-1,-1
78,-1,1948,497,95,50,0.3441876769065857,6,-1,-1
119,-1,1409,488,145,80,0.8247691988945007,6,-1,-1
119,-1,60,464,114,66,0.6941366195678711,6,-1,-1
195,-1,220,538,321,159,0.8729992508888245,6,-1,-1
195,-1,2232,837,228,111,0.7803099155426025,6,-1,-1
57,-1,1995,951,166,80,0.8517491221427917,4,-1,-1
57,-1,2578,1183,142,109,0.7633156180381775,4,-1,-1
57,-1,273,584,66,33,0.664206862449646,4,-1,-1
57,-1,1691,515,131,62,0.6523428559303284,6,-1,-1
57,-1,325,449,97,57,0.6162191033363342,6,-1,-1
57,-1,457,556,56,33,0.5927794575691223,4,-1,-1
57,-1,377,586,55,34,0.5406365990638733,4,-1,-1
57,-1,83,420,77,42,0.536017119884491,6,-1,-1
57,-1,1647,519,164,60,0.5261727571487427,6,-1,-1
57,-1,2058,472,114,74,0.4791797697544098,6,-1,-1
57,-1,76,528,61,44,0.4782097339630127,4,-1,-1
57,-1,1894,454,67,52,0.46940815448760986,6,-1,-1
57,-1,2058,467,187,79,0.4073677062988281,6,-1,-1
65,-1,2317,1019,191,92,0.8544772863388062,4,-1,-1
65,-1,317,442,102,64,0.7465585470199585,6,-1,-1
65,-1,129,541,63,47,0.6417980194091797,4,-1,-1
65,-1,371,537,54,32,0.6416550278663635,4,-1,-1
65,-1,69,411,86,48,0.5680166482925415,6,-1,-1
65,-1,337,593,62,37,0.41535937786102295,4,-1,-1
65,-1,1850,453,93,53,0.4028362035751343,6,-1,-1
65,-1,1815,506,90,53,0.25733670592308044,6,-1,-1
94,-1,1611,478,112,65,0.7592013478279114,6,-1,-1
94,-1,101,465,112,64,0.7514932751655579,6,-1,-1
94,-1,134,649,81,36,0.5888969898223877,4,-1,-1
94,-1,92,452,115,65,0.2679985761642456,6,-1,-1
48,-1,1691,882,147,69,0.8484646677970886,4,-1,-1
48,-1,2181,1085,204,108,0.8106929659843445,4,-1,-1
48,-1,302,568,47,29,0.7735636830329895,4,-1,-1
48,-1,206,562,57,35,0.7648998498916626,4,-1,-1
48,-1,1591,529,124,64,0.7224157452583313,6,-1,-1
48,-1,328,448,99,59,0.711094856262207,6,-1,-1
48,-1,14,510,59,45,0.5937910079956055,6,-1,-1
48,-1,84,418,78,42,0.4433495104312897,6,-1,-1
215,-1,1730,768,194,103,0.8880597352981567,6,-1,-1
215,-1,1227,951,154,84,0.8362078666687012,4,-1,-1
215,-1,1530,980,187,94,0.7355949282646179,4,-1,-1
75,-1,185,563,69,51,0.7786788940429688,4,-1,-1
75,-1,56,413,84,44,0.6105514168739319,6,-1,-1
75,-1,304,448,100,58,0.5875953435897827,6,-1,-1
75,-1,1830,458,94,59,0.5222845077514648,6,-1,-1
75,-1,1918,495,86,55,0.35026636719703674,6,-1,-1
182,-1,2176,1154,263,186,0.8860810399055481,6,-1,-1
182,-1,521,541,264,135,0.8831391930580139,6,-1,-1
182,-1,2488,1190,230,142,0.6966716051101685,4,-1,-1
182,-1,2605,911,114,114,0.669583261013031,6,-1,-1
182,-1,1525,810,115,58,0.4808381497859955,7,-1,-1
182,-1,359,579,80,44,0.2859569489955902,7,-1,-1
11,-1,1397,482,242,117,0.7515590786933899,6,-1,-1
11,-1,518,625,223,110,0.7230697274208069,6,-1,-1
11,-1,0,455,61,64,0.7097797989845276,6,-1,-1
11,-1,2570,1071,57,93,0.3565313220024109,1,-1,-1
11,-1,2477,983,46,81,0.34277305006980896,2,-1,-1
207,-1,1920,796,206,108,0.7309113144874573,6,-1,-1
207,-1,0,583,236,173,0.5333806276321411,9,-1,-1
207,-1,0,584,241,169,0.4985038936138153,6,-1,-1
207,-1,1231,899,166,96,0.4212978780269623,4,-1,-1
207,-1,355,546,78,43,0.39174962043762207,4,-1,-1
207,-1,1637,666,70,100,0.3579176664352417,6,-1,-1
207,-1,971,884,147,90,0.2861468493938446,4,-1,-1
265,-1,1774,813,142,61,0.7974114418029785,4,-1,-1
265,-1,92,560,73,35,0.705367386341095,4,-1,-1
265,-1,336,554,73,35,0.29133641719818115,4,-1,-1
218,-1,1658,760,190,108,0.890681803226471,6,-1,-1
218,-1,1657,1009,198,97,0.8585283756256104,4,-1,-1
218,-1,1332,974,158,90,0.8537476658821106,4,-1,-1
218,-1,2543,883,173,67,0.6685574054718018,4,-1,-1
218,-1,355,547,72,37,0.28158479928970337,4,-1,-1
228,-1,2151,1119,240,114,0.8601853251457214,4,-1,-1
228,-1,1743,1073,188,104,0.8565137982368469,4,-1,-1
228,-1,2455,998,206,90,0.8169577717781067,4,-1,-1
228,-1,1444,730,181,99,0.8020603656768799,6,-1,-1
228,-1,2256,846,158,61,0.7682292461395264,4,-1,-1
228,-1,348,546,76,40,0.30764880776405334,4,-1,-1
247,-1,1786,775,132,55,0.779433012008667,4,-1,-1
247,-1,2222,861,161,69,0.7578495144844055,4,-1,-1
247,-1,1708,860,159,76,0.5767648220062256,4,-1,-1
247,-1,1627,672,73,80,0.3214198350906372,6,-1,-1
135,-1,1201,502,159,90,0.8175434470176697,6,-1,-1
135,-1,0,468,80,70,0.7477016448974609,6,-1,-1
135,-1,1555,977,160,86,0.48178526759147644,4,-1,-1
135,-1,1552,978,166,90,0.3254246413707733,6,-1,-1
154,-1,2334,1160,224,106,0.834033727645874,4,-1,-1
154,-1,938,520,192,103,0.8041750192642212,6,-1,-1
154,-1,2370,971,157,71,0.7316585183143616,4,-1,-1
154,-1,1008,925,171,125,0.6964040994644165,6,-1,-1
154,-1,1297,957,157,103,0.5652636289596558,6,-1,-1
154,-1,1630,728,72,95,0.27032706141471863,6,-1,-1
131,-1,1241,499,154,87,0.8022677898406982,6,-1,-1
131,-1,0,469,79,71,0.7447711229324341,6,-1,-1
131,-1,1421,950,149,75,0.33396464586257935,7,-1,-1
131,-1,1427,953,142,73,0.25313857197761536,4,-1,-1
147,-1,1019,510,185,97,0.8380782008171082,6,-1,-1
147,-1,1989,1086,191,92,0.8327913880348206,4,-1,-1
147,-1,2630,1002,90,66,0.4214976727962494,4,-1,-1
147,-1,1635,730,64,90,0.2673130929470062,6,-1,-1
260,-1,1895,825,149,73,0.7816981673240662,4,-1,-1
260,-1,1320,803,136,69,0.4040605127811432,6,-1,-1
125,-1,1295,492,149,82,0.8564000725746155,6,-1,-1
125,-1,0,466,87,68,0.7294516563415527,6,-1,-1
130,-1,1250,502,152,82,0.7734659314155579,6,-1,-1
130,-1,0,469,80,71,0.7419304847717285,6,-1,-1
130,-1,1379,933,153,86,0.3179309666156769,4,-1,-1
130,-1,1378,932,155,86,0.2894477844238281,7,-1,-1
175,-1,1823,1108,229,163,0.8835200667381287,6,-1,-1
175,-1,649,556,239,124,0.8653045892715454,6,-1,-1
175,-1,2122,1141,219,121,0.7487238645553589,4,-1,-1
175,-1,1706,867,130,63,0.5704617500305176,4,-1,-1
175,-1,1639,727,73,99,0.4694969952106476,6,-1,-1
175,-1,440,461,89,44,0.3417532444000244,6,-1,-1
175,-1,1709,866,126,62,0.3378998041152954,6,-1,-1
203,-1,2021,811,214,114,0.8477581143379211,6,-1,-1
203,-1,0,568,352,179,0.8421822786331177,6,-1,-1
203,-1,357,547,77,40,0.4610743522644043,4,-1,-1
203,-1,1638,672,69,95,0.38088148832321167,6,-1,-1
203,-1,1113,881,144,83,0.3154001235961914,4,-1,-1
45,-1,2068,1053,192,98,0.8208580613136292,4,-1,-1
45,-1,332,450,97,58,0.7961923480033875,6,-1,-1
45,-1,1602,859,139,68,0.7733233571052551,4,-1,-1
45,-1,184,557,60,34,0.7420670390129089,4,-1,-1
45,-1,275,562,57,29,0.663881778717041,4,-1,-1
45,-1,1546,531,131,67,0.6417052745819092,6,-1,-1
45,-1,2005,473,187,77,0.6158295273780823,6,-1,-1
45,-1,74,414,95,45,0.5241294503211975,6,-1,-1
45,-1,0,498,54,48,0.4069823622703552,6,-1,-1
45,-1,1921,450,55,47,0.32214662432670593,6,-1,-1
259,-1,1919,836,150,61,0.769267201423645,4,-1,-1
259,-1,1348,811,138,62,0.41456133127212524,6,-1,-1
259,-1,1347,810,141,64,0.31810262799263,4,-1,-1
259,-1,1543,749,121,49,0.29929977655410767,6,-1,-1
1,-1,1284,491,265,121,0.7691444158554077,6,-1,-1
1,-1,147,678,300,126,0.7173774242401123,6,-1,-1
1,-1,0,455,65,66,0.6806986927986145,6,-1,-1
1,-1,2299,1029,421,453,0.4343295991420746,6,-1,-1
1,-1,1545,432,87,51,0.27185800671577454,6,-1,-1
133,-1,1220,499,156,90,0.7994227409362793,6,-1,-1
133,-1,0,468,79,72,0.7560792565345764,6,-1,-1
133,-1,1479,967,161,80,0.5946347117424011,4,-1,-1
214,-1,1747,772,201,104,0.8770177364349365,6,-1,-1
214,-1,1190,944,155,85,0.8562590479850769,4,-1,-1
214,-1,1493,969,179,94,0.8028476238250732,4,-1,-1
214,-1,1636,677,69,87,0.3401257395744324,6,-1,-1
22,-1,1540,479,233,105,0.7651940584182739,6,-1,-1
22,-1,3,452,121,64,0.7428311109542847,6,-1,-1
22,-1,870,574,186,96,0.6536281704902649,6,-1,-1
22,-1,1170,872,132,78,0.359569251537323,10,-1,-1
22,-1,2634,1082,60,98,0.3309376835823059,1,-1,-1
226,-1,1652,1052,180,100,0.8515944480895996,4,-1,-1
226,-1,2044,1098,229,108,0.8488747477531433,4,-1,-1
226,-1,1487,738,177,99,0.8197871446609497,6,-1,-1
226,-1,2551,1016,169,91,0.8073004484176636,4,-1,-1
226,-1,2314,852,159,65,0.803738534450531,4,-1,-1
226,-1,352,546,71,37,0.35304102301597595,4,-1,-1
50,-1,1753,896,149,76,0.8228510022163391,4,-1,-1
50,-1,1627,524,117,65,0.7292429208755493,6,-1,-1
50,-1,221,572,59,33,0.6856634020805359,4,-1,-1
50,-1,317,574,55,29,0.6750783920288086,4,-1,-1
50,-1,328,449,98,59,0.6596929430961609,6,-1,-1
50,-1,2038,471,178,81,0.6512080430984497,6,-1,-1
50,-1,2258,1099,222,118,0.6129908561706543,4,-1,-1
50,-1,31,515,55,44,0.5737033486366272,4,-1,-1
50,-1,86,418,84,45,0.3073527216911316,6,-1,-1
139,-1,1689,1016,171,85,0.8283974528312683,4,-1,-1
139,-1,1145,506,168,91,0.8193519711494446,6,-1,-1
139,-1,0,470,56,68,0.6674148440361023,6,-1,-1
139,-1,0,654,34,50,0.27988654375076294,4,-1,-1
74,-1,182,561,66,52,0.724415123462677,4,-1,-1
74,-1,64,413,79,45,0.6294474005699158,6,-1,-1
74,-1,1831,458,97,57,0.5525760054588318,6,-1,-1
74,-1,301,449,106,58,0.5490118861198425,6,-1,-1
74,-1,303,448,104,58,0.47200560569763184,5,-1,-1
74,-1,1836,498,154,58,0.41482245922088623,6,-1,-1
74,-1,1883,497,113,59,0.2850111126899719,6,-1,-1
74,-1,2188,471,174,62,0.2729049324989319,6,-1,-1
128,-1,1270,495,153,86,0.8475139141082764,6,-1,-1
128,-1,0,467,83,70,0.7116125226020813,6,-1,-1
128,-1,1319,920,149,81,0.3780612051486969,4,-1,-1
68,-1,2460,1054,207,97,0.8571170568466187,4,-1,-1
68,-1,313,443,102,62,0.7898536324501038,6,-1,-1
68,-1,148,548,62,47,0.7542837858200073,4,-1,-1
68,-1,339,531,54,33,0.6828576326370239,4,-1,-1
68,-1,71,414,80,44,0.637346088886261,6,-1,-1
68,-1,352,596,66,37,0.4465230107307434,4,-1,-1
68,-1,274,435,30,24,0.2775100767612457,4,-1,-1
68,-1,1837,469,106,89,0.2730012536048889,6,-1,-1
68,-1,2139,467,179,71,0.25030517578125,6,-1,-1
234,-1,2044,1143,215,118,0.8375009298324585,4,-1,-1
234,-1,2515,1198,205,117,0.8099323511123657,4,-1,-1
234,-1,2193,950,188,87,0.8046860098838806,4,-1,-1
234,-1,2094,824,151,60,0.7872182130813599,4,-1,-1
234,-1,2582,907,138,67,0.6853274703025818,4,-1,-1
234,-1,349,546,76,41,0.4284823536872864,4,-1,-1
234,-1,1297,707,199,97,0.3199487328529358,6,-1,-1
124,-1,1308,491,148,83,0.8216760158538818,6,-1,-1
124,-1,0,467,88,67,0.7291044592857361,6,-1,-1
126,-1,1287,494,149,83,0.8384631276130676,6,-1,-1
126,-1,0,467,84,67,0.7336647510528564,6,-1,-1
262,-1,1845,824,150,64,0.7601292133331299,4,-1,-1
47,-1,1661,873,143,71,0.8311712741851807,4,-1,-1
47,-1,2142,1072,204,103,0.7991403341293335,4,-1,-1
47,-1,329,449,98,59,0.7502322793006897,6,-1,-1
47,-1,288,566,58,30,0.7429484128952026,4,-1,-1
47,-1,1574,529,128,66,0.7353854775428772,6,-1,-1
47,-1,194,562,63,34,0.7221892476081848,4,-1,-1
47,-1,8,509,59,40,0.6496897339820862,4,-1,-1
47,-1,86,417,81,42,0.5797222852706909,6,-1,-1
18,-1,712,596,202,97,0.7540290355682373,6,-1,-1
18,-1,1455,476,238,121,0.740596354007721,6,-1,-1
18,-1,0,456,60,64,0.711502730846405,6,-1,-1
160,-1,863,528,206,110,0.8232569694519043,6,-1,-1
160,-1,1198,971,186,132,0.8156214356422424,6,-1,-1
160,-1,2165,943,144,63,0.7993631362915039,4,-1,-1
160,-1,1489,1004,172,110,0.6487810611724854,4,-1,-1
160,-1,1633,727,70,92,0.2996971309185028,6,-1,-1
177,-1,617,560,248,125,0.8729588985443115,6,-1,-1
177,-1,1924,1126,237,171,0.8726022243499756,6,-1,-1
177,-1,2221,1161,228,127,0.7780453562736511,4,-1,-1
177,-1,1655,855,124,61,0.40247535705566406,4,-1,-1
123,-1,1318,492,145,82,0.8360218405723572,6,-1,-1
123,-1,0,465,90,69,0.7297322154045105,6,-1,-1
29,-1,200,448,108,61,0.7103257775306702,6,-1,-1
29,-1,1165,563,157,84,0.5972431898117065,6,-1,-1
29,-1,2,533,50,31,0.5301899313926697,4,-1,-1
29,-1,1768,472,207,91,0.4607120454311371,6,-1,-1
29,-1,1163,561,159,85,0.28365522623062134,7,-1,-1
29,-1,1468,912,149,87,0.28345876932144165,4,-1,-1
29,-1,2588,1068,54,93,0.2506042420864105,1,-1,-1
194,-1,241,534,318,160,0.885576069355011,6,-1,-1
194,-1,2260,841,229,119,0.7976193428039551,6,-1,-1
44,-1,1578,853,133,67,0.8448023200035095,4,-1,-1
44,-1,2031,1045,190,97,0.828631579875946,4,-1,-1
44,-1,332,449,98,59,0.8051007390022278,6,-1,-1
44,-1,1999,472,186,83,0.7267139554023743,6,-1,-1
44,-1,259,558,57,30,0.7103230953216553,4,-1,-1
44,-1,1534,534,124,68,0.693443775177002,6,-1,-1
44,-1,173,554,61,33,0.6731266379356384,4,-1,-1
44,-1,87,415,81,44,0.6209220290184021,6,-1,-1
44,-1,1921,451,56,47,0.3811322748661041,6,-1,-1
217,-1,1681,762,193,105,0.890538215637207,6,-1,-1
217,-1,1292,965,158,90,0.8479451537132263,4,-1,-1
217,-1,1615,1000,191,91,0.8314850330352783,4,-1,-1
217,-1,2572,887,148,66,0.6396586894989014,4,-1,-1
217,-1,1633,676,73,86,0.30599740147590637,6,-1,-1
197,-1,163,547,335,161,0.8881686329841614,6,-1,-1
197,-1,2175,830,228,114,0.812882125377655,6,-1,-1
52,-1,1820,912,153,74,0.837416410446167,4,-1,-1
52,-1,2343,1123,228,116,0.7854440808296204,4,-1,-1
52,-1,331,577,56,30,0.6851837038993835,4,-1,-1
52,-1,1659,522,103,63,0.6774352192878723,6,-1,-1
52,-1,41,520,58,42,0.6740930676460266,4,-1,-1
52,-1,234,573,66,36,0.6676639914512634,4,-1,-1
52,-1,2044,472,184,76,0.6646344661712646,6,-1,-1
52,-1,1578,527,172,64,0.6463224291801453,6,-1,-1
52,-1,324,449,102,59,0.6356201171875,6,-1,-1
52,-1,85,418,83,45,0.4109730124473572,6,-1,-1
52,-1,1904,453,69,50,0.29506704211235046,6,-1,-1
239,-1,2342,1210,235,127,0.8416288495063782,4,-1,-1
239,-1,1999,915,168,75,0.8161161541938782,4,-1,-1
239,-1,1971,807,140,55,0.7863963842391968,4,-1,-1
239,-1,2445,894,170,67,0.7817022800445557,4,-1,-1
239,-1,0,607,34,37,0.47259125113487244,4,-1,-1
239,-1,348,548,72,38,0.35599929094314575,4,-1,-1
86,-1,171,461,111,61,0.7556524872779846,6,-1,-1
86,-1,1696,472,113,66,0.710122287273407,6,-1,-1
86,-1,23,521,57,34,0.7027450799942017,4,-1,-1
86,-1,130,615,81,60,0.6846672892570496,4,-1,-1
232,-1,1939,1119,203,112,0.8623641133308411,4,-1,-1
232,-1,2388,1170,263,122,0.849281370639801,4,-1,-1
232,-1,2148,828,157,69,0.7916529774665833,4,-1,-1
232,-1,2277,963,195,91,0.7860245704650879,4,-1,-1
232,-1,1368,724,168,84,0.6115090847015381,6,-1,-1
232,-1,2651,920,68,62,0.43811485171318054,4,-1,-1
232,-1,345,546,77,40,0.43273651599884033,4,-1,-1
38,-1,1421,816,122,65,0.770756721496582,4,-1,-1
38,-1,1830,994,172,93,0.7663243412971497,4,-1,-1
38,-1,334,447,99,60,0.7630103826522827,6,-1,-1
38,-1,1447,548,125,69,0.6484980583190918,6,-1,-1
38,-1,94,414,78,44,0.6269261837005615,6,-1,-1
38,-1,131,541,55,31,0.5653376579284668,4,-1,-1
38,-1,41,487,44,25,0.5540447235107422,4,-1,-1
38,-1,1952,474,197,88,0.4750085771083832,6,-1,-1
71,-1,312,445,100,60,0.792035698890686,6,-1,-1
71,-1,2614,1096,105,94,0.7898233532905579,4,-1,-1
71,-1,307,527,51,33,0.6810203194618225,4,-1,-1
71,-1,65,412,84,46,0.6204704642295837,6,-1,-1
71,-1,165,557,66,47,0.4894615709781647,4,-1,-1
71,-1,1844,455,89,55,0.3867853879928589,6,-1,-1
118,-1,1427,488,141,80,0.8126906752586365,6,-1,-1
118,-1,72,462,114,65,0.7475365996360779,6,-1,-1
51,-1,2305,1113,217,114,0.8511148691177368,4,-1,-1
51,-1,1790,902,147,74,0.814931333065033,4,-1,-1
51,-1,1632,523,119,64,0.7051997184753418,6,-1,-1
51,-1,322,575,60,31,0.673263669013977,4,-1,-1
51,-1,2041,472,182,79,0.6371145844459534,6,-1,-1
51,-1,36,516,58,45,0.6163603067398071,4,-1,-1
51,-1,325,448,102,60,0.615070641040802,6,-1,-1
51,-1,224,570,65,36,0.6125622987747192,4,-1,-1
51,-1,86,417,83,46,0.43555235862731934,6,-1,-1
51,-1,1568,523,181,68,0.26918038725852966,6,-1,-1
51,-1,1902,454,71,43,0.25631698966026306,6,-1,-1
12,-1,552,619,219,110,0.8014981746673584,6,-1,-1
12,-1,1404,485,244,110,0.7515295743942261,6,-1,-1
12,-1,0,454,61,65,0.7066279649734497,6,-1,-1
12,-1,2566,1072,63,94,0.35075509548187256,1,-1,-1
12,-1,2476,984,47,81,0.33541738986968994,2,-1,-1
245,-1,1831,783,135,56,0.781165361404419,4,-1,-1
245,-1,2278,870,163,67,0.7810761332511902,4,-1,-1
245,-1,1777,873,163,73,0.7749544978141785,4,-1,-1
88,-1,1649,474,122,67,0.7324733734130859,6,-1,-1
88,-1,120,462,114,66,0.6937404870986938,6,-1,-1
88,-1,97,625,86,60,0.30115950107574463,5,-1,-1
88,-1,97,626,87,60,0.28997236490249634,8,-1,-1
213,-1,1161,935,149,84,0.8572903871536255,4,-1,-1
213,-1,1775,778,197,101,0.8374500870704651,6,-1,-1
213,-1,1451,963,180,86,0.8345411419868469,4,-1,-1
213,-1,2691,889,28,63,0.28488537669181824,4,-1,-1
190,-1,2372,855,244,131,0.8174436688423157,6,-1,-1
190,-1,347,529,293,146,0.7969108819961548,6,-1,-1
190,-1,344,398,92,54,0.5249171853065491,6,-1,-1
190,-1,2653,1219,67,187,0.4288763701915741,6,-1,-1
158,-1,1132,956,181,128,0.8008593916893005,6,-1,-1
158,-1,885,528,201,104,0.7913870215415955,6,-1,-1
158,-1,2232,950,150,71,0.7913048267364502,4,-1,-1
158,-1,1420,990,168,102,0.6157773733139038,4,-1,-1
158,-1,2567,1205,153,119,0.5841217637062073,4,-1,-1
158,-1,1633,737,67,85,0.463361918926239,6,-1,-1
4,-1,1307,492,273,127,0.7682282328605652,6,-1,-1
4,-1,0,455,64,67,0.7170022130012512,6,-1,-1
4,-1,302,664,236,117,0.703264594078064,6,-1,-1
87,-1,1671,473,123,67,0.8101122379302979,6,-1,-1
87,-1,142,462,116,64,0.7458733916282654,6,-1,-1
87,-1,0,514,42,42,0.6244395971298218,4,-1,-1
87,-1,112,620,82,61,0.5116127133369446,4,-1,-1
90,-1,1629,475,130,69,0.7809146642684937,6,-1,-1
90,-1,102,467,116,65,0.7616512179374695,6,-1,-1
90,-1,93,635,90,55,0.7071191668510437,4,-1,-1
32,-1,279,448,101,59,0.7468140125274658,6,-1,-1
32,-1,111,538,55,28,0.7343878149986267,4,-1,-1
32,-1,1613,945,156,90,0.7023749947547913,4,-1,-1
32,-1,24,533,59,31,0.6997363567352295,4,-1,-1
32,-1,1855,474,204,90,0.680805504322052,6,-1,-1
32,-1,13,498,53,26,0.6140730977058411,4,-1,-1
32,-1,9,411,105,47,0.5018572807312012,6,-1,-1
32,-1,1288,554,144,81,0.45975494384765625,6,-1,-1
32,-1,2665,1077,54,100,0.38788071274757385,1,-1,-1
32,-1,1287,555,145,78,0.33771759271621704,7,-1,-1
167,-1,1463,1032,201,148,0.842718780040741,6,-1,-1
167,-1,770,540,224,114,0.8192978501319885,6,-1,-1
167,-1,1946,909,137,63,0.7905647158622742,4,-1,-1
167,-1,1760,1068,189,114,0.7005802392959595,4,-1,-1
167,-1,1639,740,74,86,0.328622430562973,6,-1,-1
8,-1,417,637,246,117,0.813920795917511,6,-1,-1
8,-1,1371,481,244,121,0.7575781345367432,6,-1,-1
8,-1,0,456,62,66,0.7098188400268555,6,-1,-1
236,-1,2158,1170,220,119,0.8697582483291626,4,-1,-1
236,-1,2045,816,145,58,0.8222087621688843,4,-1,-1
236,-1,2111,938,180,79,0.8050479292869568,4,-1,-1
236,-1,2529,906,182,66,0.7772964239120483,4,-1,-1
236,-1,348,547,71,40,0.4611046612262726,4,-1,-1
166,-1,1420,1023,203,148,0.8644774556159973,6,-1,-1
166,-1,785,538,222,112,0.8014676570892334,6,-1,-1
166,-1,1977,913,134,66,0.7837612628936768,4,-1,-1
166,-1,1717,1057,187,116,0.7648680806159973,6,-1,-1
166,-1,1639,740,74,84,0.28558847308158875,6,-1,-1
