237,-1,2214,1183,231,118,0.9143542051315308,4,-1,-1
237,-1,2021,816,140,54,0.8818761706352234,4,-1,-1
237,-1,2075,930,174,75,0.8722371459007263,4,-1,-1
237,-1,352,550,69,32,0.5364993214607239,4,-1,-1
237,-1,1156,287,51,21,0.30840396881103516,9,-1,-1
237,-1,1131,269,25,14,0.2518068552017212,4,-1,-1
196,-1,2208,840,219,111,0.8906585574150085,6,-1,-1
196,-1,193,547,329,155,0.8782655000686646,9,-1,-1
60,-1,2109,980,173,78,0.8988733887672424,4,-1,-1
60,-1,1751,514,102,56,0.874862790107727,6,-1,-1
60,-1,319,448,99,61,0.8676386475563049,6,-1,-1
60,-1,99,538,58,42,0.8132543563842773,5,-1,-1
60,-1,76,417,85,44,0.8030833005905151,6,-1,-1
60,-1,298,588,61,35,0.763010561466217,4,-1,-1
60,-1,1886,455,58,53,0.4442068338394165,9,-1,-1
60,-1,424,554,53,30,0.3944346308708191,4,-1,-1
60,-1,2104,469,174,72,0.27986547350883484,6,-1,-1
92,-1,1620,477,110,65,0.857428252696991,6,-1,-1
92,-1,103,466,108,64,0.8487945795059204,6,-1,-1
92,-1,2158,475,158,70,0.5778871774673462,6,-1,-1
92,-1,120,643,79,52,0.34267765283584595,8,-1,-1
92,-1,1936,508,74,42,0.33665385842323303,6,-1,-1
92,-1,559,590,63,33,0.3333795368671417,4,-1,-1
92,-1,120,643,79,52,0.3200562298297882,5,-1,-1
180,-1,563,559,254,126,0.9184836745262146,9,-1,-1
180,-1,2378,1190,241,133,0.8998263478279114,4,-1,-1
180,-1,2077,1151,247,177,0.7093217968940735,5,-1,-1
180,-1,2675,937,45,116,0.5192261338233948,6,-1,-1
180,-1,1580,844,115,51,0.49782848358154297,7,-1,-1
20,-1,0,454,78,65,0.8505727648735046,6,-1,-1
20,-1,1504,474,217,102,0.8292242288589478,6,-1,-1
20,-1,785,590,186,88,0.7830087542533875,6,-1,-1
20,-1,786,590,184,87,0.4617936313152313,7,-1,-1
20,-1,1612,437,68,51,0.3057803213596344,6,-1,-1
20,-1,1471,328,29,16,0.2503131628036499,4,-1,-1
151,-1,973,516,183,97,0.901694655418396,9,-1,-1
151,-1,2182,1128,204,95,0.8913294672966003,4,-1,-1
151,-1,1210,949,150,87,0.8580285310745239,4,-1,-1
151,-1,924,916,162,106,0.8260939121246338,5,-1,-1
151,-1,2483,990,154,64,0.8034226894378662,4,-1,-1
151,-1,1461,336,31,16,0.3216414153575897,4,-1,-1
249,-1,1646,850,151,65,0.8484563231468201,4,-1,-1
249,-1,1743,769,129,52,0.8028092980384827,4,-1,-1
249,-1,2172,858,151,57,0.6839074492454529,4,-1,-1
17,-1,686,602,201,89,0.8182269930839539,6,-1,-1
17,-1,0,457,55,63,0.804027795791626,6,-1,-1
17,-1,1453,476,230,118,0.6303752064704895,6,-1,-1
62,-1,2189,997,180,80,0.8970999717712402,4,-1,-1
62,-1,1778,510,97,57,0.8684478402137756,6,-1,-1
62,-1,317,448,101,60,0.863305926322937,6,-1,-1
62,-1,110,539,60,46,0.8368568420410156,5,-1,-1
62,-1,73,416,87,46,0.7865626215934753,6,-1,-1
62,-1,312,592,63,35,0.6764516830444336,4,-1,-1
62,-1,403,549,54,31,0.5237260460853577,4,-1,-1
62,-1,1879,454,68,56,0.40886348485946655,6,-1,-1
62,-1,2115,469,172,68,0.32119545340538025,6,-1,-1
62,-1,1329,332,35,15,0.3109254539012909,4,-1,-1
62,-1,1363,335,30,17,0.2681450843811035,4,-1,-1
251,-1,1700,765,126,49,0.857824981212616,4,-1,-1
251,-1,1585,839,146,67,0.8300575613975525,4,-1,-1
251,-1,2120,853,150,56,0.7944148778915405,4,-1,-1
66,-1,2363,1033,197,88,0.8960031270980835,4,-1,-1
66,-1,316,444,100,59,0.8416303396224976,6,-1,-1
66,-1,1823,501,93,55,0.8215430974960327,6,-1,-1
66,-1,72,412,85,43,0.813360869884491,6,-1,-1
66,-1,138,542,61,47,0.7285510301589966,5,-1,-1
66,-1,2139,464,173,70,0.7224245071411133,6,-1,-1
66,-1,1832,451,110,59,0.6919634342193604,6,-1,-1
66,-1,344,597,64,37,0.6215429306030273,4,-1,-1
66,-1,362,537,52,30,0.5085536241531372,4,-1,-1
2,-1,0,456,63,66,0.8275379538536072,6,-1,-1
2,-1,194,678,279,117,0.822946310043335,6,-1,-1
2,-1,1301,494,261,109,0.45095741748809814,6,-1,-1
179,-1,580,561,255,126,0.9188434481620789,9,-1,-1
179,-1,2325,1185,238,129,0.9075258374214172,4,-1,-1
179,-1,2025,1146,245,171,0.8215583562850952,5,-1,-1
179,-1,1606,850,116,53,0.5721527934074402,7,-1,-1
179,-1,363,609,72,34,0.3119451105594635,7,-1,-1
157,-1,1103,951,172,123,0.9154790639877319,5,-1,-1
157,-1,897,524,200,104,0.9103921055793762,9,-1,-1
157,-1,1390,990,161,95,0.8773869276046753,4,-1,-1
157,-1,2509,1198,211,111,0.8672855496406555,4,-1,-1
157,-1,2266,959,145,63,0.7839720249176025,4,-1,-1
157,-1,1464,336,26,17,0.26894742250442505,4,-1,-1
103,-1,89,465,111,66,0.8527487516403198,6,-1,-1
103,-1,1551,481,121,70,0.781392514705658,6,-1,-1
103,-1,2217,475,126,74,0.7322458624839783,6,-1,-1
103,-1,1551,480,120,71,0.5808861255645752,9,-1,-1
103,-1,2018,502,68,42,0.3392200469970703,7,-1,-1
169,-1,744,546,221,112,0.9179412722587585,9,-1,-1
169,-1,1843,1092,192,110,0.9007242321968079,4,-1,-1
169,-1,1547,1051,206,149,0.8074429035186768,4,-1,-1
169,-1,1890,903,126,58,0.8054056763648987,4,-1,-1
174,-1,667,555,235,118,0.9114879965782166,9,-1,-1
174,-1,2074,1135,211,122,0.8973016738891602,4,-1,-1
174,-1,1777,1098,222,156,0.5893207788467407,4,-1,-1
174,-1,1745,877,119,55,0.5183133482933044,7,-1,-1
174,-1,1776,1098,222,156,0.4404104948043823,5,-1,-1
174,-1,1743,877,122,55,0.34462523460388184,4,-1,-1
242,-1,2535,1256,185,125,0.8880857229232788,4,-1,-1
242,-1,1887,895,163,76,0.8776014447212219,4,-1,-1
242,-1,1901,797,134,51,0.8683825135231018,4,-1,-1
242,-1,0,611,59,37,0.6616195440292358,4,-1,-1
242,-1,2361,886,163,61,0.6118518114089966,4,-1,-1
242,-1,350,550,70,31,0.49324455857276917,4,-1,-1
242,-1,1157,288,54,22,0.41399186849594116,9,-1,-1
3,-1,235,672,275,112,0.8566200733184814,6,-1,-1
3,-1,0,456,63,66,0.8227375149726868,6,-1,-1
3,-1,1306,498,266,119,0.6689826846122742,6,-1,-1
165,-1,1385,1016,193,140,0.9126927256584167,5,-1,-1
165,-1,1675,1055,185,105,0.9038355350494385,4,-1,-1
165,-1,801,539,214,109,0.9023247361183167,9,-1,-1
165,-1,2010,922,133,58,0.6501795053482056,4,-1,-1
220,-1,1405,994,163,88,0.897775411605835,4,-1,-1
220,-1,1749,1029,202,96,0.8927392363548279,4,-1,-1
220,-1,1617,755,183,103,0.8846725821495056,6,-1,-1
220,-1,2486,881,167,59,0.8574084043502808,4,-1,-1
220,-1,355,549,69,32,0.3072885572910309,4,-1,-1
205,-1,0,575,296,172,0.9241850972175598,9,-1,-1
205,-1,1976,806,203,117,0.8976253867149353,6,-1,-1
205,-1,1170,895,154,81,0.6206997632980347,4,-1,-1
222,-1,1841,1053,212,98,0.8990890979766846,4,-1,-1
222,-1,1483,1013,168,90,0.8950363397598267,4,-1,-1
222,-1,1572,749,181,100,0.8903993368148804,6,-1,-1
222,-1,2429,872,163,59,0.8307040929794312,4,-1,-1
222,-1,353,549,68,31,0.3205283582210541,4,-1,-1
250,-1,1615,844,148,68,0.8548852205276489,4,-1,-1
250,-1,1722,766,127,51,0.8239256739616394,4,-1,-1
250,-1,2147,854,149,58,0.5545069575309753,4,-1,-1
250,-1,348,547,67,34,0.26751747727394104,4,-1,-1
250,-1,0,408,49,43,0.26555335521698,6,-1,-1
111,-1,83,465,112,67,0.8530957102775574,6,-1,-1
111,-1,1491,483,127,75,0.7612936496734619,9,-1,-1
111,-1,1491,485,127,72,0.4017723798751831,6,-1,-1
77,-1,300,449,101,59,0.866396963596344,6,-1,-1
77,-1,56,415,82,42,0.8152069449424744,6,-1,-1
77,-1,1938,500,83,47,0.8074646592140198,6,-1,-1
77,-1,2208,469,174,71,0.7619898915290833,6,-1,-1
77,-1,240,522,50,29,0.7303987741470337,4,-1,-1
77,-1,1827,459,90,59,0.7253361940383911,9,-1,-1
77,-1,196,572,68,50,0.6753580570220947,5,-1,-1
77,-1,1719,330,55,19,0.2942155599594116,4,-1,-1
181,-1,537,550,267,130,0.9149977564811707,9,-1,-1
181,-1,2434,1191,247,139,0.9054645895957947,4,-1,-1
181,-1,2645,925,74,114,0.5923649668693542,6,-1,-1
181,-1,2127,1154,253,174,0.5116310715675354,4,-1,-1
181,-1,2128,1152,252,177,0.4947320818901062,5,-1,-1
181,-1,363,591,75,37,0.4381462633609772,4,-1,-1
209,-1,1877,792,196,108,0.9039698839187622,6,-1,-1
209,-1,1037,908,142,77,0.8950855135917664,4,-1,-1
209,-1,1306,927,164,83,0.8801268935203552,4,-1,-1
209,-1,0,592,176,191,0.8609684705734253,9,-1,-1
209,-1,355,548,70,33,0.4048801064491272,4,-1,-1
183,-1,504,535,268,131,0.8937310576438904,9,-1,-1
183,-1,2545,1194,175,153,0.8482741117477417,4,-1,-1
183,-1,2579,903,140,137,0.8061806559562683,6,-1,-1
183,-1,362,575,72,33,0.5159400105476379,7,-1,-1
183,-1,2235,1156,261,187,0.48740699887275696,4,-1,-1
183,-1,2236,1156,260,187,0.45223069190979004,5,-1,-1
183,-1,1172,310,49,23,0.28202641010284424,6,-1,-1
41,-1,1929,1021,178,87,0.8828703761100769,4,-1,-1
41,-1,1498,837,126,62,0.8773200511932373,4,-1,-1
41,-1,330,447,100,59,0.8680365681648254,6,-1,-1
41,-1,1489,541,128,66,0.8656908273696899,6,-1,-1
41,-1,89,416,83,41,0.8057975769042969,6,-1,-1
41,-1,152,547,57,33,0.7981459498405457,4,-1,-1
41,-1,244,555,50,25,0.7588112950325012,4,-1,-1
41,-1,0,502,28,34,0.6254975199699402,4,-1,-1
41,-1,1984,474,184,74,0.49577268958091736,6,-1,-1
41,-1,756,562,54,25,0.4903528690338135,4,-1,-1
41,-1,1930,449,49,50,0.3393838107585907,9,-1,-1
100,-1,93,465,110,66,0.8289572596549988,6,-1,-1
100,-1,1570,478,122,69,0.6532105207443237,9,-1,-1
100,-1,2203,476,105,65,0.5739363431930542,6,-1,-1
100,-1,1570,479,120,68,0.47741711139678955,6,-1,-1
84,-1,230,453,103,60,0.8583484888076782,6,-1,-1
84,-1,1751,464,101,62,0.8499842286109924,9,-1,-1
84,-1,1959,500,85,47,0.821071445941925,6,-1,-1
84,-1,2209,471,175,71,0.7845288515090942,6,-1,-1
84,-1,175,598,71,55,0.6723388433456421,5,-1,-1
84,-1,104,517,50,29,0.662091851234436,4,-1,-1
84,-1,0,414,64,47,0.3684072494506836,6,-1,-1
171,-1,711,549,228,114,0.9063136577606201,9,-1,-1
171,-1,1929,1109,203,115,0.8935173749923706,4,-1,-1
171,-1,1636,1070,210,151,0.7607766389846802,5,-1,-1
171,-1,1828,894,123,54,0.7005299925804138,7,-1,-1
55,-1,1925,937,158,72,0.8899426460266113,4,-1,-1
55,-1,2485,1164,231,110,0.8774924278259277,4,-1,-1
55,-1,321,448,101,61,0.8757438063621521,6,-1,-1
55,-1,1687,517,111,60,0.8722670674324036,6,-1,-1
55,-1,63,525,58,44,0.8333516120910645,5,-1,-1
55,-1,261,578,57,35,0.7790558934211731,4,-1,-1
55,-1,79,417,84,45,0.7778565287590027,6,-1,-1
55,-1,357,585,62,29,0.7554354667663574,4,-1,-1
55,-1,2071,473,181,69,0.7257642149925232,6,-1,-1
55,-1,1900,452,61,52,0.3434455990791321,6,-1,-1
55,-1,1359,437,69,24,0.2711050510406494,6,-1,-1
55,-1,480,564,57,29,0.26611432433128357,4,-1,-1
153,-1,981,922,165,118,0.9043062329292297,5,-1,-1
153,-1,947,520,189,99,0.8956040143966675,9,-1,-1
153,-1,2284,1153,215,99,0.8886288404464722,4,-1,-1
153,-1,1265,957,157,96,0.8708019256591797,4,-1,-1
153,-1,2409,980,151,65,0.793088436126709,4,-1,-1
153,-1,1463,336,30,16,0.3331577777862549,4,-1,-1
80,-1,291,449,101,59,0.8780149221420288,6,-1,-1
80,-1,209,581,68,50,0.8010180592536926,5,-1,-1
80,-1,1814,460,91,60,0.7888263463973999,9,-1,-1
80,-1,2228,471,176,70,0.7740025520324707,6,-1,-1
80,-1,48,415,81,41,0.771943211555481,6,-1,-1
80,-1,206,517,48,31,0.6937181949615479,4,-1,-1
80,-1,1969,497,77,52,0.5976755619049072,6,-1,-1
80,-1,1327,330,36,15,0.2556034326553345,4,-1,-1
27,-1,148,450,105,61,0.878424346446991,6,-1,-1
27,-1,1091,567,157,80,0.8459756970405579,6,-1,-1
27,-1,1384,907,140,74,0.7653768062591553,4,-1,-1
27,-1,1701,473,213,102,0.3603070378303528,6,-1,-1
27,-1,1692,333,49,17,0.255801260471344,4,-1,-1
140,-1,1133,507,162,87,0.9065313935279846,9,-1,-1
140,-1,1725,1023,170,85,0.8749995827674866,4,-1,-1
140,-1,0,474,47,63,0.8319123387336731,6,-1,-1
140,-1,411,602,69,32,0.46838071942329407,4,-1,-1
140,-1,1498,336,28,16,0.2545201778411865,4,-1,-1
191,-1,312,531,312,146,0.9176912307739258,9,-1,-1
191,-1,2344,856,232,121,0.899152398109436,6,-1,-1
115,-1,81,465,110,66,0.8628009557723999,6,-1,-1
115,-1,1461,487,130,75,0.8572474122047424,9,-1,-1
115,-1,1462,488,129,74,0.3262555003166199,6,-1,-1
115,-1,1593,337,39,17,0.2509027421474457,4,-1,-1
76,-1,301,448,101,59,0.8540694117546082,6,-1,-1
76,-1,192,568,64,52,0.8061354160308838,5,-1,-1
76,-1,2205,467,171,72,0.7925017476081848,6,-1,-1
76,-1,59,414,84,43,0.7794957756996155,6,-1,-1
76,-1,1928,501,85,49,0.7310118675231934,6,-1,-1
76,-1,1829,457,90,60,0.6843538284301758,9,-1,-1
76,-1,251,524,49,28,0.5183690190315247,4,-1,-1
76,-1,1833,336,49,18,0.35340118408203125,4,-1,-1
76,-1,1720,330,52,19,0.315714955329895,4,-1,-1
186,-1,442,520,277,137,0.9158194065093994,9,-1,-1
186,-1,2489,872,231,128,0.8704785704612732,6,-1,-1
186,-1,2409,1175,275,192,0.6514631509780884,6,-1,-1
186,-1,2408,1175,277,192,0.5454415082931519,4,-1,-1
193,-1,271,537,316,147,0.9131401777267456,9,-1,-1
193,-1,2287,849,229,124,0.8958103060722351,6,-1,-1
108,-1,1515,485,123,70,0.8494681715965271,9,-1,-1
108,-1,87,467,111,65,0.848510205745697,6,-1,-1
25,-1,93,453,108,61,0.8504405617713928,6,-1,-1
25,-1,1636,470,220,112,0.7264775037765503,6,-1,-1
25,-1,1002,571,171,85,0.6976350545883179,6,-1,-1
25,-1,1001,570,172,85,0.39965468645095825,7,-1,-1
25,-1,1293,894,139,72,0.34059765934944153,4,-1,-1
25,-1,1569,331,26,14,0.3203294277191162,4,-1,-1
13,-1,0,457,56,64,0.8017418384552002,6,-1,-1
13,-1,577,617,215,100,0.784217894077301,6,-1,-1
13,-1,1407,481,246,128,0.6542388200759888,6,-1,-1
36,-1,1769,982,166,80,0.8702777624130249,4,-1,-1
36,-1,1404,547,135,74,0.8599120378494263,6,-1,-1
36,-1,335,446,98,59,0.8580754399299622,6,-1,-1
36,-1,93,415,84,42,0.8318042755126953,6,-1,-1
36,-1,56,490,39,24,0.8064908981323242,4,-1,-1
36,-1,1374,807,116,57,0.7420988082885742,4,-1,-1
36,-1,116,537,52,31,0.6326419115066528,4,-1,-1
36,-1,206,542,48,26,0.5366429686546326,4,-1,-1
36,-1,1931,476,204,86,0.5238392949104309,6,-1,-1
36,-1,1857,337,42,16,0.38570812344551086,4,-1,-1
36,-1,298,435,53,24,0.3113442361354828,4,-1,-1
129,-1,0,467,79,71,0.8345087766647339,6,-1,-1
129,-1,1263,501,145,81,0.7290639281272888,6,-1,-1
129,-1,1362,937,136,72,0.7004656195640564,4,-1,-1
129,-1,1264,501,145,81,0.592630922794342,9,-1,-1
129,-1,437,601,70,35,0.2888326942920685,4,-1,-1
229,-1,1790,1085,192,103,0.9050164818763733,4,-1,-1
229,-1,2209,1134,243,114,0.8975743651390076,4,-1,-1
229,-1,2413,993,198,86,0.8877036571502686,4,-1,-1
229,-1,1430,731,168,92,0.8755315542221069,6,-1,-1
229,-1,2233,847,149,55,0.8634392619132996,4,-1,-1
229,-1,352,550,68,31,0.33410295844078064,4,-1,-1
40,-1,1473,831,122,60,0.8862717151641846,4,-1,-1
40,-1,1472,541,134,68,0.879244327545166,6,-1,-1
40,-1,1896,1012,174,87,0.8788301944732666,4,-1,-1
40,-1,330,447,101,58,0.8587208390235901,6,-1,-1
40,-1,88,415,87,42,0.8303558230400085,6,-1,-1
40,-1,757,562,53,24,0.5165330767631531,4,-1,-1
40,-1,0,500,23,34,0.4536518156528473,4,-1,-1
40,-1,234,551,52,28,0.40370598435401917,4,-1,-1
97,-1,98,466,108,65,0.8177701234817505,6,-1,-1
97,-1,1589,479,117,67,0.8119752407073975,6,-1,-1
97,-1,2185,474,118,67,0.7723013162612915,6,-1,-1
97,-1,163,658,71,28,0.3031875193119049,4,-1,-1
216,-1,1259,960,156,82,0.8935242891311646,4,-1,-1
216,-1,1706,769,191,100,0.8917843699455261,6,-1,-1
216,-1,1573,991,189,90,0.8784618377685547,4,-1,-1
216,-1,357,550,67,32,0.5170069932937622,4,-1,-1
142,-1,1099,509,165,88,0.9100487232208252,9,-1,-1
142,-1,1796,1040,173,86,0.8811450004577637,4,-1,-1
142,-1,0,476,28,63,0.7336922883987427,6,-1,-1
142,-1,399,601,66,32,0.4172195494174957,4,-1,-1
91,-1,1628,477,108,64,0.8737707138061523,6,-1,-1
91,-1,105,465,108,66,0.7995314598083496,6,-1,-1
91,-1,2155,476,168,72,0.7870882749557495,6,-1,-1
91,-1,112,640,78,51,0.6951080560684204,4,-1,-1
91,-1,1932,508,72,43,0.3403254449367523,6,-1,-1
63,-1,2230,1004,184,84,0.8956946134567261,4,-1,-1
63,-1,317,448,100,59,0.8568946719169617,6,-1,-1
63,-1,1789,507,100,56,0.8507558107376099,6,-1,-1
63,-1,320,592,63,36,0.7939714193344116,4,-1,-1
63,-1,1876,453,72,55,0.72902512550354,6,-1,-1
63,-1,67,415,91,42,0.596969485282898,6,-1,-1
63,-1,119,541,59,44,0.5429721474647522,4,-1,-1
63,-1,118,540,60,45,0.43621599674224854,5,-1,-1
63,-1,2122,468,172,68,0.31568074226379395,6,-1,-1
211,-1,1099,922,144,80,0.8992679715156555,4,-1,-1
211,-1,1826,785,195,108,0.8918361067771912,6,-1,-1
211,-1,1378,944,170,83,0.8868476748466492,4,-1,-1
211,-1,0,601,110,167,0.7127678990364075,9,-1,-1
211,-1,356,549,69,33,0.5400494337081909,4,-1,-1
211,-1,0,602,110,176,0.25003567337989807,6,-1,-1
70,-1,2561,1085,159,88,0.8917658925056458,4,-1,-1
70,-1,311,444,100,61,0.8314283490180969,6,-1,-1
70,-1,162,553,59,48,0.8037688732147217,5,-1,-1
70,-1,68,413,83,44,0.7863079309463501,6,-1,-1
70,-1,2160,466,177,68,0.7547866702079773,6,-1,-1
70,-1,1865,498,87,57,0.6594321727752686,6,-1,-1
70,-1,317,531,50,29,0.6328456401824951,4,-1,-1
70,-1,371,603,45,33,0.35395750403404236,4,-1,-1
70,-1,1736,333,40,17,0.2621411979198456,4,-1,-1
199,-1,2128,828,215,110,0.9153835773468018,6,-1,-1
199,-1,99,554,355,162,0.8943456411361694,9,-1,-1
155,-1,925,522,194,101,0.905002772808075,9,-1,-1
155,-1,2392,1176,224,105,0.8922772407531738,4,-1,-1
155,-1,1326,969,158,99,0.8856586217880249,4,-1,-1
155,-1,1040,937,169,120,0.867518961429596,5,-1,-1
155,-1,2336,970,147,63,0.8338751196861267,4,-1,-1
155,-1,1462,336,30,17,0.36413121223449707,4,-1,-1
243,-1,1854,887,158,75,0.8835732936859131,4,-1,-1
243,-1,1878,794,134,50,0.8594380617141724,4,-1,-1
243,-1,2605,1272,114,122,0.8546829223632812,4,-1,-1
243,-1,2334,883,160,59,0.7570260167121887,4,-1,-1
243,-1,348,550,72,31,0.48398253321647644,4,-1,-1
243,-1,1156,288,53,22,0.3700266182422638,9,-1,-1
187,-1,421,521,281,140,0.9175280928611755,9,-1,-1
187,-1,2461,869,244,129,0.9039817452430725,6,-1,-1
187,-1,2468,1186,252,199,0.8614000082015991,6,-1,-1
187,-1,342,404,119,49,0.44797906279563904,6,-1,-1
187,-1,2468,1187,251,198,0.3894048035144806,4,-1,-1
81,-1,286,448,99,61,0.8738992810249329,6,-1,-1
81,-1,2232,473,174,69,0.8368001580238342,6,-1,-1
81,-1,209,584,69,51,0.7889915108680725,5,-1,-1
81,-1,38,414,87,43,0.7542011141777039,6,-1,-1
81,-1,1805,461,95,61,0.750897228717804,9,-1,-1
81,-1,187,518,50,29,0.654988706111908,4,-1,-1
81,-1,1975,501,76,45,0.49166804552078247,6,-1,-1
81,-1,1732,334,39,17,0.34002920985221863,4,-1,-1
15,-1,634,611,205,95,0.8562584519386292,6,-1,-1
15,-1,0,457,55,64,0.8133754134178162,6,-1,-1
15,-1,1443,479,227,104,0.7519413828849792,6,-1,-1
15,-1,2496,507,64,24,0.4283468723297119,4,-1,-1
21,-1,826,583,185,94,0.8596855401992798,6,-1,-1
21,-1,0,453,97,64,0.8561874628067017,6,-1,-1
21,-1,1533,471,215,105,0.5540494322776794,6,-1,-1
14,-1,606,614,211,97,0.87061607837677,6,-1,-1
14,-1,0,457,55,64,0.8143274188041687,6,-1,-1
14,-1,2485,507,63,26,0.3635863959789276,4,-1,-1
14,-1,1429,480,231,105,0.2760186493396759,6,-1,-1
264,-1,113,563,57,29,0.6469801068305969,4,-1,-1
264,-1,1416,281,31,15,0.26702162623405457,4,-1,-1
120,-1,1392,491,135,76,0.8325940370559692,9,-1,-1
120,-1,37,464,115,68,0.44644686579704285,6,-1,-1
170,-1,730,547,222,115,0.9063031673431396,9,-1,-1
170,-1,1886,1101,197,111,0.8943384885787964,4,-1,-1
170,-1,1859,898,125,57,0.7997914552688599,4,-1,-1
170,-1,1591,1060,209,151,0.7869071364402771,5,-1,-1
161,-1,1240,982,179,130,0.9207331538200378,5,-1,-1
161,-1,853,531,204,105,0.9015368223190308,9,-1,-1
161,-1,1526,1020,171,101,0.8943691253662109,4,-1,-1
161,-1,2136,940,139,63,0.7925724387168884,4,-1,-1
161,-1,364,604,75,34,0.3326113522052765,4,-1,-1
161,-1,1462,337,28,16,0.2894175946712494,4,-1,-1
256,-1,1604,754,116,47,0.8390910625457764,4,-1,-1
256,-1,1436,817,135,64,0.804879903793335,4,-1,-1
256,-1,1998,841,142,56,0.784450352191925,4,-1,-1
105,-1,90,466,109,66,0.8584575057029724,6,-1,-1
105,-1,1537,482,121,70,0.8419316411018372,9,-1,-1
105,-1,2226,479,84,63,0.6474152207374573,6,-1,-1
105,-1,1538,483,121,70,0.524520754814148,6,-1,-1
198,-1,2154,832,216,110,0.9006168246269226,6,-1,-1
198,-1,128,551,348,161,0.8981078863143921,9,-1,-1
230,-1,1839,1098,193,102,0.9018424153327942,4,-1,-1
230,-1,2268,1149,251,113,0.9002221822738647,4,-1,-1
230,-1,2367,985,194,85,0.8884927034378052,4,-1,-1
230,-1,2206,843,148,57,0.8600030541419983,4,-1,-1
230,-1,1410,731,166,90,0.7643107771873474,6,-1,-1
230,-1,352,550,68,31,0.3864861726760864,4,-1,-1
136,-1,1194,504,157,85,0.8900195956230164,9,-1,-1
136,-1,1595,995,158,75,0.8578638434410095,4,-1,-1
136,-1,0,468,76,69,0.8396667242050171,6,-1,-1
136,-1,436,601,69,33,0.5356568694114685,4,-1,-1
255,-1,2019,845,146,55,0.8370405435562134,4,-1,-1
255,-1,1621,755,122,47,0.8187927007675171,4,-1,-1
255,-1,1465,822,132,62,0.5339156985282898,4,-1,-1
255,-1,1157,284,50,23,0.286356121301651,9,-1,-1
67,-1,2410,1045,199,89,0.8977287411689758,4,-1,-1
67,-1,314,443,101,61,0.8503538370132446,6,-1,-1
67,-1,73,412,83,43,0.8249946236610413,6,-1,-1
67,-1,1830,451,107,105,0.7976183295249939,6,-1,-1
67,-1,144,546,61,46,0.7688055634498596,5,-1,-1
67,-1,2142,465,173,72,0.735430121421814,6,-1,-1
67,-1,350,535,52,29,0.6676629185676575,4,-1,-1
67,-1,350,597,64,37,0.2563674747943878,4,-1,-1
150,-1,986,516,182,95,0.9020249247550964,9,-1,-1
150,-1,2132,1118,202,95,0.8710008859634399,4,-1,-1
150,-1,1189,940,144,89,0.7594766616821289,4,-1,-1
150,-1,2519,994,158,64,0.5675125122070312,4,-1,-1
150,-1,1461,336,31,16,0.29624930024147034,4,-1,-1
144,-1,1065,509,170,91,0.9041763544082642,9,-1,-1
144,-1,1867,1055,178,88,0.8831918239593506,4,-1,-1
144,-1,385,602,64,31,0.42966634035110474,4,-1,-1
144,-1,1559,336,48,19,0.2902330756187439,4,-1,-1
82,-1,276,448,100,62,0.8618595004081726,6,-1,-1
82,-1,2232,472,176,69,0.800131618976593,6,-1,-1
82,-1,206,587,72,54,0.7630029916763306,5,-1,-1
82,-1,23,415,89,44,0.7590495944023132,6,-1,-1
82,-1,169,517,50,29,0.7075284719467163,4,-1,-1
82,-1,1977,501,82,47,0.7075140476226807,6,-1,-1
82,-1,1793,461,97,63,0.6790591478347778,9,-1,-1
82,-1,1730,334,33,17,0.26400649547576904,4,-1,-1
192,-1,299,533,307,147,0.9180517792701721,9,-1,-1
192,-1,2314,852,232,118,0.8790257573127747,6,-1,-1
58,-1,2033,963,166,76,0.8923424482345581,4,-1,-1
58,-1,322,448,97,61,0.8779063820838928,6,-1,-1
58,-1,1726,515,103,57,0.8690513968467712,6,-1,-1
58,-1,282,585,59,33,0.8058945536613464,4,-1,-1
58,-1,77,418,85,44,0.7867476344108582,6,-1,-1
58,-1,447,557,55,32,0.7181004285812378,4,-1,-1
58,-1,83,534,60,42,0.6506730318069458,4,-1,-1
58,-1,2628,1198,91,111,0.5569227933883667,4,-1,-1
58,-1,2094,473,172,66,0.44318652153015137,6,-1,-1
58,-1,389,592,58,29,0.4173072278499603,4,-1,-1
58,-1,1893,454,65,52,0.3100920021533966,9,-1,-1
6,-1,352,655,246,107,0.8698931932449341,6,-1,-1
6,-1,0,457,62,65,0.7923554182052612,6,-1,-1
6,-1,1349,490,248,114,0.7511862516403198,6,-1,-1
204,-1,0,572,323,174,0.923599362373352,9,-1,-1
204,-1,2001,810,204,114,0.8989137411117554,6,-1,-1
204,-1,360,549,68,31,0.28599053621292114,4,-1,-1
49,-1,2220,1097,212,100,0.8970524072647095,4,-1,-1
49,-1,1724,891,143,69,0.8917909860610962,4,-1,-1
49,-1,326,448,100,61,0.8621176481246948,6,-1,-1
49,-1,1606,524,122,63,0.8572474718093872,6,-1,-1
49,-1,2035,472,182,76,0.7770172953605652,6,-1,-1
49,-1,214,568,54,30,0.7764999866485596,4,-1,-1
49,-1,307,573,55,27,0.7654396295547485,4,-1,-1
49,-1,84,418,83,43,0.7329968214035034,6,-1,-1
49,-1,24,516,54,40,0.6736010909080505,5,-1,-1
49,-1,1914,451,56,52,0.49460193514823914,6,-1,-1
104,-1,90,466,109,65,0.8559285402297974,6,-1,-1
104,-1,1543,482,123,70,0.7585721015930176,6,-1,-1
104,-1,1543,480,124,71,0.736659824848175,9,-1,-1
104,-1,2223,480,117,66,0.5312169790267944,6,-1,-1
258,-1,1567,746,114,54,0.7798596620559692,4,-1,-1
258,-1,1946,839,144,56,0.7468754649162292,4,-1,-1
258,-1,1419,280,28,16,0.27643027901649475,4,-1,-1
227,-1,1696,1064,183,98,0.9030682444572449,4,-1,-1
227,-1,2097,1109,234,110,0.8921017646789551,4,-1,-1
227,-1,2288,854,153,57,0.879893958568573,4,-1,-1
227,-1,1470,736,168,93,0.8769249320030212,6,-1,-1
227,-1,2502,1011,207,88,0.8673089742660522,4,-1,-1
227,-1,355,550,66,31,0.28827735781669617,4,-1,-1
56,-1,1960,946,160,71,0.9011606574058533,4,-1,-1
56,-1,2530,1175,190,116,0.8834269642829895,4,-1,-1
56,-1,321,447,100,62,0.8795163631439209,6,-1,-1
56,-1,1703,516,105,59,0.8630860447883606,6,-1,-1
56,-1,81,417,82,45,0.7920315861701965,6,-1,-1
56,-1,270,581,58,32,0.769686758518219,4,-1,-1
56,-1,368,588,60,28,0.731820285320282,4,-1,-1
56,-1,470,561,55,31,0.6681147813796997,4,-1,-1
56,-1,72,530,56,41,0.5725290775299072,4,-1,-1
56,-1,1896,452,66,53,0.559666097164154,6,-1,-1
56,-1,2077,470,177,71,0.3469811975955963,6,-1,-1
162,-1,1276,990,182,132,0.9179415702819824,5,-1,-1
162,-1,1563,1027,174,103,0.888790488243103,4,-1,-1
162,-1,842,534,205,106,0.887890636920929,9,-1,-1
162,-1,2106,937,135,59,0.8105117082595825,4,-1,-1
162,-1,363,605,77,37,0.5062987208366394,4,-1,-1
162,-1,1464,338,25,15,0.2794922888278961,4,-1,-1
127,-1,1284,498,141,80,0.8722342252731323,9,-1,-1
127,-1,0,466,81,70,0.8398650884628296,6,-1,-1
127,-1,1300,920,135,70,0.2535764276981354,4,-1,-1
122,-1,1338,492,138,78,0.8907824754714966,9,-1,-1
122,-1,0,459,99,74,0.8461689949035645,6,-1,-1
122,-1,2066,493,54,36,0.3085636794567108,6,-1,-1
163,-1,828,535,209,107,0.9060401320457458,9,-1,-1
163,-1,1310,998,186,136,0.903486967086792,5,-1,-1
163,-1,1599,1036,178,105,0.8949878811836243,4,-1,-1
163,-1,2073,932,133,60,0.6317988634109497,4,-1,-1
163,-1,505,458,100,37,0.4469098150730133,6,-1,-1
59,-1,2071,971,170,78,0.8932340145111084,4,-1,-1
59,-1,322,448,96,61,0.8712632656097412,6,-1,-1
59,-1,1740,513,104,57,0.8658291101455688,6,-1,-1
59,-1,90,534,59,45,0.8499455451965332,5,-1,-1
59,-1,290,589,60,33,0.803543746471405,4,-1,-1
59,-1,76,418,86,44,0.7980404496192932,6,-1,-1
59,-1,2098,472,174,69,0.6754682064056396,6,-1,-1
59,-1,399,594,57,29,0.6684876680374146,4,-1,-1
59,-1,436,555,54,31,0.4913164973258972,4,-1,-1
59,-1,2680,1209,39,100,0.2847674787044525,4,-1,-1
221,-1,1443,1004,165,88,0.8982726335525513,4,-1,-1
221,-1,1796,1041,204,98,0.8877807259559631,4,-1,-1
221,-1,1593,752,183,100,0.8829768896102905,6,-1,-1
221,-1,2457,877,168,59,0.8580440878868103,4,-1,-1
200,-1,72,556,360,164,0.920784592628479,9,-1,-1
200,-1,2104,825,213,108,0.9138034582138062,6,-1,-1
116,-1,79,465,112,66,0.8597033619880676,6,-1,-1
116,-1,1454,488,130,75,0.8239721059799194,9,-1,-1
116,-1,1455,489,129,73,0.4929790198802948,6,-1,-1
116,-1,1598,338,34,16,0.2519085705280304,4,-1,-1
253,-1,1659,758,124,50,0.8573344945907593,4,-1,-1
253,-1,1524,828,139,67,0.8397894501686096,4,-1,-1
253,-1,2070,849,146,55,0.8187254667282104,4,-1,-1
253,-1,1157,284,50,24,0.3344556987285614,9,-1,-1
261,-1,1872,828,143,59,0.7715376615524292,4,-1,-1
261,-1,1511,744,111,46,0.6048468947410583,4,-1,-1
261,-1,150,571,67,31,0.5352910161018372,4,-1,-1
261,-1,1395,817,28,38,0.3541245758533478,2,-1,-1
244,-1,1817,880,158,73,0.8880196809768677,4,-1,-1
244,-1,1855,789,132,52,0.8734773397445679,4,-1,-1
244,-1,1,614,79,34,0.5002336502075195,4,-1,-1
244,-1,349,550,72,32,0.4615703821182251,4,-1,-1
244,-1,0,408,90,50,0.3427717685699463,6,-1,-1
244,-1,1131,269,24,14,0.3187035620212555,4,-1,-1
244,-1,2676,1284,44,160,0.25413042306900024,4,-1,-1
235,-1,2098,1157,220,112,0.9067436456680298,4,-1,-1
235,-1,2154,946,179,77,0.8895213603973389,4,-1,-1
235,-1,2073,825,142,54,0.8838006258010864,4,-1,-1
235,-1,2582,1216,137,119,0.8243640065193176,4,-1,-1
235,-1,2563,912,157,62,0.7757654786109924,4,-1,-1
235,-1,354,550,66,32,0.40966400504112244,4,-1,-1
235,-1,1132,269,23,13,0.3418585956096649,4,-1,-1
146,-1,1032,511,175,91,0.9122457504272461,9,-1,-1
146,-1,1944,1075,187,90,0.890246570110321,4,-1,-1
146,-1,372,601,66,31,0.4927728474140167,4,-1,-1
146,-1,1444,334,48,18,0.29087433218955994,4,-1,-1
72,-1,308,446,100,60,0.8477980494499207,6,-1,-1
72,-1,65,414,85,43,0.839457094669342,6,-1,-1
72,-1,172,559,62,48,0.7116708159446716,5,-1,-1
72,-1,2673,1112,46,95,0.6370036602020264,4,-1,-1
72,-1,1889,497,85,56,0.6076676845550537,6,-1,-1
72,-1,2178,468,172,67,0.47203150391578674,6,-1,-1
72,-1,296,528,50,31,0.47069835662841797,4,-1,-1
72,-1,1727,331,47,19,0.28837844729423523,4,-1,-1
72,-1,1833,336,49,18,0.2548065483570099,4,-1,-1
73,-1,306,449,101,58,0.8605560064315796,6,-1,-1
73,-1,63,415,82,43,0.816268265247345,6,-1,-1
73,-1,2183,470,171,69,0.7542979717254639,6,-1,-1
73,-1,176,562,65,49,0.649806559085846,5,-1,-1
73,-1,1898,498,83,56,0.47787395119667053,6,-1,-1
73,-1,1834,334,48,19,0.2945885956287384,4,-1,-1
73,-1,284,527,49,30,0.27731698751449585,4,-1,-1
73,-1,284,527,50,30,0.2771182656288147,5,-1,-1
152,-1,959,519,191,97,0.9031668901443481,9,-1,-1
152,-1,953,918,162,113,0.8969431519508362,5,-1,-1
152,-1,2233,1140,206,99,0.8882372975349426,4,-1,-1
152,-1,1241,951,150,93,0.8457508087158203,4,-1,-1
152,-1,2445,986,153,62,0.8456354141235352,4,-1,-1
172,-1,695,551,233,115,0.914943277835846,9,-1,-1
172,-1,1975,1119,204,113,0.8964011669158936,4,-1,-1
172,-1,1800,889,123,54,0.6710326075553894,7,-1,-1
172,-1,1680,1080,217,155,0.6627785563468933,5,-1,-1
106,-1,1528,482,125,71,0.8653185963630676,9,-1,-1
106,-1,86,467,113,65,0.8586575984954834,6,-1,-1
252,-1,1554,833,143,68,0.8770958781242371,4,-1,-1
252,-1,1681,761,124,49,0.8576459884643555,4,-1,-1
252,-1,2096,851,148,54,0.7849306464195251,4,-1,-1
252,-1,1158,284,48,23,0.25446102023124695,9,-1,-1
79,-1,1818,460,93,60,0.8654299378395081,9,-1,-1
79,-1,294,449,102,60,0.863774299621582,6,-1,-1
79,-1,50,415,84,42,0.8087522387504578,6,-1,-1
79,-1,2223,471,176,70,0.7470678091049194,6,-1,-1
79,-1,1960,498,80,51,0.728400707244873,6,-1,-1
79,-1,217,520,49,29,0.5872610807418823,4,-1,-1
79,-1,206,577,67,52,0.508131742477417,5,-1,-1
185,-1,465,524,271,134,0.9176118969917297,9,-1,-1
185,-1,2518,879,201,127,0.8694862127304077,6,-1,-1
185,-1,2663,1203,56,127,0.7108880877494812,4,-1,-1
185,-1,2350,1162,271,194,0.42641907930374146,4,-1,-1
185,-1,2350,1162,271,195,0.3574352264404297,5,-1,-1
109,-1,87,466,109,67,0.8552932739257812,6,-1,-1
109,-1,1507,484,125,72,0.6824034452438354,6,-1,-1
109,-1,1507,483,125,74,0.46478769183158875,9,-1,-1
109,-1,2251,485,78,56,0.45807668566703796,6,-1,-1
46,-1,2106,1067,196,97,0.888425350189209,4,-1,-1
46,-1,1635,869,137,65,0.880092978477478,4,-1,-1
46,-1,326,448,100,60,0.8649664521217346,6,-1,-1
46,-1,1566,530,119,67,0.8566584587097168,6,-1,-1
46,-1,193,559,56,33,0.798985481262207,4,-1,-1
46,-1,282,563,54,29,0.737795889377594,4,-1,-1
46,-1,87,416,81,41,0.7303270697593689,6,-1,-1
46,-1,2017,474,177,70,0.6712042093276978,6,-1,-1
46,-1,2,510,58,39,0.5021727085113525,5,-1,-1
46,-1,2017,478,72,64,0.2800341844558716,6,-1,-1
121,-1,1365,492,137,77,0.8948765993118286,9,-1,-1
121,-1,9,466,114,68,0.8545780181884766,6,-1,-1
121,-1,474,597,70,34,0.3226214349269867,4,-1,-1
69,-1,2507,1069,211,94,0.8992307186126709,4,-1,-1
69,-1,314,444,98,60,0.8459657430648804,6,-1,-1
69,-1,69,412,85,44,0.7241247892379761,6,-1,-1
69,-1,2153,465,175,73,0.713817298412323,6,-1,-1
69,-1,328,532,51,31,0.6569540500640869,4,-1,-1
69,-1,156,550,62,47,0.6564831733703613,5,-1,-1
69,-1,1856,496,86,58,0.474265456199646,6,-1,-1
69,-1,1854,453,81,63,0.43282294273376465,6,-1,-1
9,-1,454,637,233,105,0.8776569366455078,6,-1,-1
9,-1,0,457,61,64,0.8228211998939514,6,-1,-1
9,-1,1377,484,245,119,0.7166223526000977,6,-1,-1
210,-1,1067,915,142,78,0.906609833240509,4,-1,-1
210,-1,1851,789,197,103,0.9048110246658325,6,-1,-1
210,-1,1342,936,166,81,0.8894288539886475,4,-1,-1
210,-1,0,596,144,184,0.8126776218414307,9,-1,-1
210,-1,356,549,69,32,0.5695704817771912,4,-1,-1
148,-1,1011,513,176,93,0.9020974040031433,9,-1,-1
148,-1,2037,1094,191,94,0.8815404176712036,4,-1,-1
148,-1,2594,1000,126,67,0.5675129890441895,4,-1,-1
148,-1,1455,335,37,17,0.27090269327163696,4,-1,-1
188,-1,396,526,288,138,0.9146366119384766,9,-1,-1
188,-1,2431,865,243,130,0.8967534899711609,6,-1,-1
188,-1,2531,1199,189,197,0.6098198890686035,6,-1,-1
188,-1,341,402,113,51,0.29390138387680054,6,-1,-1
263,-1,1825,825,139,55,0.8064531087875366,4,-1,-1
263,-1,121,569,67,27,0.7499170899391174,4,-1,-1
263,-1,342,553,62,29,0.4545416533946991,5,-1,-1
263,-1,1533,437,64,31,0.25127971172332764,4,-1,-1
240,-1,1961,910,167,74,0.8814770579338074,4,-1,-1
240,-1,2401,1227,247,125,0.8735153079032898,4,-1,-1
240,-1,1949,804,135,54,0.8576470613479614,4,-1,-1
240,-1,0,606,41,40,0.7455026507377625,4,-1,-1
240,-1,351,550,69,32,0.5164823532104492,4,-1,-1
240,-1,2418,893,164,59,0.39480164647102356,4,-1,-1
64,-1,2273,1013,189,83,0.8972771167755127,4,-1,-1
64,-1,317,444,100,60,0.8583345413208008,6,-1,-1
64,-1,2128,463,170,72,0.8031901121139526,6,-1,-1
64,-1,1799,502,96,56,0.7777435779571533,6,-1,-1
64,-1,328,592,63,34,0.7651316523551941,4,-1,-1
64,-1,73,414,88,43,0.6884778141975403,6,-1,-1
64,-1,124,541,61,44,0.6681511402130127,4,-1,-1
64,-1,384,542,50,29,0.4093743562698364,4,-1,-1
64,-1,1870,450,75,57,0.3254851698875427,6,-1,-1
64,-1,1362,335,31,17,0.28774112462997437,4,-1,-1
134,-1,1216,503,153,84,0.8491402268409729,9,-1,-1
134,-1,0,468,77,69,0.843841552734375,6,-1,-1
134,-1,1522,976,155,76,0.7940618991851807,4,-1,-1
134,-1,439,601,67,32,0.6619246006011963,4,-1,-1
134,-1,1521,337,31,17,0.25302374362945557,4,-1,-1
206,-1,0,579,266,178,0.9113354086875916,9,-1,-1
206,-1,1951,803,200,109,0.8998106718063354,6,-1,-1
206,-1,1204,904,155,80,0.869004487991333,4,-1,-1
206,-1,950,882,135,81,0.5111203789710999,4,-1,-1
206,-1,361,549,66,33,0.4219420552253723,4,-1,-1
206,-1,950,882,135,81,0.4211755692958832,5,-1,-1
54,-1,2436,1152,234,110,0.8946880102157593,4,-1,-1
54,-1,1890,929,154,72,0.8874373435974121,4,-1,-1
54,-1,323,448,99,61,0.8779167532920837,6,-1,-1
54,-1,1676,519,110,60,0.8752980828285217,6,-1,-1
54,-1,56,525,58,42,0.8382377624511719,5,-1,-1
54,-1,81,418,82,44,0.7934728264808655,6,-1,-1
54,-1,351,583,55,28,0.7836426496505737,4,-1,-1
54,-1,252,579,61,33,0.781175434589386,4,-1,-1
54,-1,491,564,56,33,0.6672434210777283,4,-1,-1
54,-1,2066,470,177,72,0.5649394392967224,6,-1,-1
54,-1,1904,452,60,51,0.2612266540527344,9,-1,-1
223,-1,1521,1022,173,93,0.8984740972518921,4,-1,-1
223,-1,1551,746,179,98,0.8933541774749756,6,-1,-1
223,-1,1890,1063,217,100,0.8906739950180054,4,-1,-1
223,-1,2400,868,161,59,0.8027178049087524,4,-1,-1
223,-1,352,549,69,32,0.2876112759113312,4,-1,-1
89,-1,107,464,110,66,0.853125810623169,6,-1,-1
89,-1,1639,476,105,64,0.8470335006713867,6,-1,-1
89,-1,93,632,83,57,0.8353862762451172,4,-1,-1
89,-1,1911,506,83,46,0.7347305417060852,6,-1,-1
89,-1,2143,477,169,69,0.7002824544906616,6,-1,-1
89,-1,90,379,46,18,0.260853111743927,4,-1,-1
202,-1,5,564,375,170,0.9259021878242493,9,-1,-1
202,-1,2050,817,211,110,0.9052359461784363,6,-1,-1
241,-1,2464,1241,253,126,0.9051998853683472,4,-1,-1
241,-1,1924,901,163,76,0.8725385069847107,4,-1,-1
241,-1,1923,800,136,53,0.8721213340759277,4,-1,-1
241,-1,0,618,52,31,0.650205671787262,4,-1,-1
241,-1,2388,890,163,61,0.5619138479232788,4,-1,-1
241,-1,351,550,69,31,0.495564341545105,4,-1,-1
241,-1,1157,288,54,22,0.43833857774734497,9,-1,-1
241,-1,1132,269,24,15,0.29570260643959045,4,-1,-1
241,-1,2319,370,23,15,0.281945139169693,4,-1,-1
85,-1,203,457,102,61,0.8560212254524231,6,-1,-1
85,-1,154,607,75,54,0.8560177683830261,5,-1,-1
85,-1,1724,469,106,61,0.7901192903518677,6,-1,-1
85,-1,1945,506,82,44,0.7743101716041565,6,-1,-1
85,-1,66,522,51,28,0.7648250460624695,4,-1,-1
85,-1,2191,476,175,66,0.5273329019546509,6,-1,-1
85,-1,0,429,37,36,0.41069740056991577,6,-1,-1
85,-1,639,580,64,30,0.37455296516418457,4,-1,-1
53,-1,1856,921,151,72,0.8940409421920776,4,-1,-1
53,-1,2389,1139,230,112,0.8910177946090698,4,-1,-1
53,-1,323,448,100,61,0.8784948587417603,6,-1,-1
53,-1,1664,520,111,60,0.857998251914978,6,-1,-1
53,-1,50,523,57,41,0.8061829805374146,5,-1,-1
53,-1,82,417,81,44,0.7859503626823425,6,-1,-1
53,-1,2062,470,175,73,0.7275737524032593,6,-1,-1
53,-1,243,575,59,35,0.6883907318115234,4,-1,-1
53,-1,342,581,46,26,0.47628599405288696,4,-1,-1
31,-1,252,448,101,60,0.8715105652809143,6,-1,-1
31,-1,1250,562,149,74,0.8683595061302185,6,-1,-1
31,-1,1566,938,150,78,0.8633947372436523,4,-1,-1
31,-1,81,538,48,25,0.8027442097663879,4,-1,-1
31,-1,0,499,40,24,0.7556891441345215,4,-1,-1
31,-1,0,416,86,42,0.7464975714683533,6,-1,-1
31,-1,0,536,40,28,0.716273307800293,4,-1,-1
31,-1,1824,470,206,102,0.6158778071403503,6,-1,-1
31,-1,1781,336,48,17,0.31998175382614136,4,-1,-1
7,-1,0,457,61,64,0.8219642639160156,6,-1,-1
7,-1,429,649,199,107,0.8017225861549377,6,-1,-1
7,-1,1360,488,245,112,0.7246318459510803,6,-1,-1
219,-1,1366,984,161,89,0.8969579339027405,4,-1,-1
219,-1,1638,759,185,100,0.8860163688659668,6,-1,-1
219,-1,1703,1021,199,94,0.8840485215187073,4,-1,-1
219,-1,2516,885,168,60,0.8655502200126648,4,-1,-1
219,-1,353,549,70,32,0.3143485188484192,4,-1,-1
93,-1,1615,476,113,66,0.8506182432174683,9,-1,-1
93,-1,100,465,111,67,0.8498793244361877,6,-1,-1
93,-1,2164,476,129,68,0.5891574025154114,6,-1,-1
93,-1,127,645,76,49,0.5315888524055481,4,-1,-1
93,-1,1936,508,82,42,0.48884958028793335,6,-1,-1
35,-1,1739,973,162,81,0.884157121181488,4,-1,-1
35,-1,1384,550,140,74,0.8681492805480957,6,-1,-1
35,-1,334,447,99,58,0.855482280254364,6,-1,-1
35,-1,90,416,85,41,0.8416924476623535,6,-1,-1
35,-1,59,492,42,23,0.7840566635131836,4,-1,-1
35,-1,1352,804,112,52,0.7495409846305847,4,-1,-1
35,-1,1907,474,222,102,0.6877108812332153,6,-1,-1
35,-1,108,538,52,29,0.6424475908279419,4,-1,-1
35,-1,197,542,48,25,0.6186360120773315,4,-1,-1
35,-1,755,563,56,24,0.6012694239616394,4,-1,-1
35,-1,296,435,54,23,0.3519829511642456,4,-1,-1
35,-1,1859,338,39,16,0.2953755855560303,4,-1,-1
149,-1,998,515,180,94,0.9123266339302063,9,-1,-1
149,-1,2085,1106,194,92,0.8851271271705627,4,-1,-1
149,-1,2556,998,163,65,0.7588528394699097,4,-1,-1
149,-1,1156,935,149,86,0.7233785390853882,4,-1,-1
149,-1,371,601,65,35,0.3120535910129547,4,-1,-1
149,-1,1461,336,31,16,0.28452184796333313,4,-1,-1
143,-1,1082,510,169,88,0.9014999866485596,9,-1,-1
143,-1,1830,1048,177,87,0.879978597164154,4,-1,-1
143,-1,0,476,20,61,0.5405402183532715,6,-1,-1
143,-1,389,601,67,32,0.2788984775543213,4,-1,-1
246,-1,1809,782,130,51,0.8726946711540222,4,-1,-1
246,-1,1748,867,157,70,0.871245265007019,4,-1,-1
246,-1,2251,868,156,59,0.644563615322113,4,-1,-1
246,-1,0,409,79,46,0.2864537537097931,6,-1,-1
225,-1,1606,1043,179,96,0.9024688601493835,4,-1,-1
225,-1,1992,1086,224,104,0.8943018913269043,4,-1,-1
225,-1,2344,860,157,58,0.8901672959327698,4,-1,-1
225,-1,1510,741,174,91,0.8632651567459106,6,-1,-1
225,-1,2596,1027,123,87,0.5859792232513428,4,-1,-1
225,-1,353,551,68,33,0.3311604857444763,4,-1,-1
98,-1,97,466,108,64,0.8216148614883423,6,-1,-1
98,-1,2193,476,124,65,0.7748590111732483,6,-1,-1
98,-1,1583,479,121,67,0.5526847243309021,9,-1,-1
98,-1,1583,479,121,67,0.4901493489742279,6,-1,-1
98,-1,1934,505,119,42,0.48480522632598877,6,-1,-1
98,-1,174,661,68,26,0.37862733006477356,4,-1,-1
30,-1,1213,562,154,76,0.802715539932251,7,-1,-1
30,-1,42,538,52,24,0.7448335886001587,4,-1,-1
30,-1,226,447,105,63,0.6492453217506409,6,-1,-1
30,-1,0,502,18,23,0.5033482909202576,4,-1,-1
30,-1,1786,467,216,113,0.47479620575904846,6,-1,-1
30,-1,0,416,60,45,0.45042455196380615,6,-1,-1
30,-1,163,443,51,24,0.27900320291519165,4,-1,-1
83,-1,257,448,101,64,0.8688730001449585,6,-1,-1
83,-1,2225,473,172,67,0.7679409980773926,6,-1,-1
83,-1,1,415,94,46,0.7547104358673096,6,-1,-1
83,-1,1973,503,81,43,0.636570930480957,6,-1,-1
83,-1,141,516,47,29,0.5377711057662964,4,-1,-1
83,-1,1774,462,100,62,0.5342411994934082,6,-1,-1
83,-1,193,593,71,53,0.5328529477119446,5,-1,-1
83,-1,1773,462,101,62,0.44857627153396606,9,-1,-1
107,-1,1520,483,125,70,0.8573991656303406,9,-1,-1
107,-1,87,467,110,65,0.8540046215057373,6,-1,-1
189,-1,364,528,301,140,0.9112809300422668,9,-1,-1
189,-1,2399,862,243,125,0.8983946442604065,6,-1,-1
189,-1,2591,1213,129,232,0.6165314316749573,6,-1,-1
189,-1,340,404,101,48,0.27913790941238403,6,-1,-1
201,-1,22,563,381,166,0.9227921366691589,9,-1,-1
201,-1,2076,822,210,107,0.9042288661003113,6,-1,-1
132,-1,1234,502,151,83,0.8639187812805176,9,-1,-1
132,-1,0,470,78,68,0.854658305644989,6,-1,-1
132,-1,1453,964,151,71,0.8033154606819153,4,-1,-1
212,-1,1802,783,194,100,0.8959517478942871,6,-1,-1
212,-1,1128,931,148,77,0.8921020030975342,4,-1,-1
212,-1,1418,953,170,85,0.879695475101471,4,-1,-1
212,-1,0,604,76,164,0.5910604596138,9,-1,-1
212,-1,357,549,67,32,0.4423541724681854,4,-1,-1
102,-1,91,465,109,66,0.8362382054328918,6,-1,-1
102,-1,1557,479,118,70,0.7123091816902161,9,-1,-1
102,-1,1558,481,118,68,0.7063745856285095,6,-1,-1
102,-1,2214,475,103,68,0.3702523112297058,6,-1,-1
102,-1,2062,509,17,35,0.25413206219673157,1,-1,-1
114,-1,81,466,111,66,0.8501086831092834,6,-1,-1
114,-1,1470,486,129,76,0.8025693893432617,9,-1,-1
114,-1,1471,487,128,74,0.756755530834198,6,-1,-1
114,-1,2091,496,62,42,0.25899145007133484,7,-1,-1
43,-1,1552,850,127,62,0.895250678062439,4,-1,-1
43,-1,1998,1038,183,91,0.8856562972068787,4,-1,-1
43,-1,330,447,99,60,0.8726930022239685,6,-1,-1
43,-1,1523,537,119,66,0.8459645509719849,6,-1,-1
43,-1,255,559,55,25,0.8326492309570312,4,-1,-1
43,-1,168,554,54,30,0.8132114410400391,4,-1,-1
43,-1,88,416,81,41,0.7489756941795349,6,-1,-1
43,-1,0,505,40,37,0.5036837458610535,5,-1,-1
43,-1,1923,450,51,50,0.4957152307033539,9,-1,-1
43,-1,1996,472,182,78,0.44621023535728455,6,-1,-1
43,-1,753,563,54,23,0.39005330204963684,4,-1,-1
43,-1,293,437,53,23,0.29040029644966125,4,-1,-1
164,-1,816,537,210,108,0.915552020072937,9,-1,-1
164,-1,1348,1006,190,137,0.9069494009017944,5,-1,-1
164,-1,1636,1046,182,105,0.8962902426719666,4,-1,-1
164,-1,2041,927,133,60,0.7790320515632629,4,-1,-1
164,-1,500,459,102,39,0.38581523299217224,6,-1,-1
95,-1,98,466,110,66,0.8419490456581116,6,-1,-1
95,-1,1604,478,111,66,0.7432662844657898,6,-1,-1
95,-1,141,648,78,38,0.7210190296173096,4,-1,-1
95,-1,2176,477,124,68,0.45482733845710754,6,-1,-1
112,-1,82,466,113,66,0.8504300713539124,6,-1,-1
112,-1,1483,486,129,72,0.7678410410881042,6,-1,-1
112,-1,1483,485,130,75,0.5509594082832336,9,-1,-1
138,-1,1164,504,161,88,0.8961142301559448,9,-1,-1
138,-1,1660,1010,164,76,0.8761314153671265,4,-1,-1
138,-1,0,469,63,68,0.8504785895347595,6,-1,-1
248,-1,1680,854,151,70,0.8807835578918457,4,-1,-1
248,-1,1766,774,127,50,0.853140652179718,4,-1,-1
248,-1,2197,862,156,55,0.6930533051490784,4,-1,-1
5,-1,317,660,250,111,0.8638001084327698,6,-1,-1
5,-1,1333,492,256,121,0.7946555614471436,6,-1,-1
5,-1,0,456,61,66,0.7686441540718079,6,-1,-1
34,-1,325,447,101,60,0.8823006749153137,6,-1,-1
34,-1,1707,967,160,78,0.8773715496063232,4,-1,-1
34,-1,1366,554,140,72,0.8592854738235474,6,-1,-1
34,-1,83,415,84,42,0.8002419471740723,6,-1,-1
34,-1,57,495,42,22,0.7672616243362427,4,-1,-1
34,-1,182,541,48,24,0.696295440196991,4,-1,-1
34,-1,96,535,50,29,0.6873258948326111,4,-1,-1
34,-1,754,562,54,25,0.6719338893890381,4,-1,-1
34,-1,1905,470,212,101,0.43680739402770996,6,-1,-1
34,-1,1848,338,44,16,0.28299158811569214,4,-1,-1
99,-1,95,466,110,65,0.8475030660629272,6,-1,-1
99,-1,1579,480,116,67,0.7520660758018494,6,-1,-1
99,-1,2197,478,122,64,0.43522578477859497,6,-1,-1
99,-1,821,445,56,21,0.3105902373790741,4,-1,-1
257,-1,1971,841,146,60,0.8288416266441345,4,-1,-1
257,-1,1407,812,134,66,0.5435249209403992,4,-1,-1
257,-1,1586,745,116,54,0.37569525837898254,4,-1,-1
257,-1,1585,743,117,57,0.25528818368911743,6,-1,-1
23,-1,913,579,176,86,0.8614617586135864,6,-1,-1
23,-1,39,453,108,63,0.8540821075439453,6,-1,-1
23,-1,1571,473,229,113,0.6086156368255615,6,-1,-1
23,-1,1616,333,41,16,0.3277655839920044,4,-1,-1
16,-1,663,607,200,90,0.8763296008110046,6,-1,-1
16,-1,0,457,55,63,0.8268406987190247,6,-1,-1
16,-1,1452,476,225,106,0.5137709379196167,6,-1,-1
16,-1,1595,436,63,48,0.4310639500617981,6,-1,-1
19,-1,0,458,60,63,0.844508945941925,6,-1,-1
19,-1,747,595,190,87,0.7936328053474426,6,-1,-1
19,-1,1483,471,224,107,0.3719049096107483,6,-1,-1
137,-1,1180,505,159,85,0.8864654898643494,9,-1,-1
137,-1,1629,1003,161,75,0.8710456490516663,4,-1,-1
137,-1,0,469,71,69,0.8424549102783203,6,-1,-1
61,-1,2149,989,177,81,0.8979166150093079,4,-1,-1
61,-1,1763,512,102,55,0.8679786324501038,6,-1,-1
61,-1,318,449,100,59,0.8531368374824524,6,-1,-1
61,-1,76,417,85,45,0.7982936501502991,6,-1,-1
61,-1,103,538,60,46,0.7003423571586609,5,-1,-1
61,-1,304,592,64,36,0.687390923500061,4,-1,-1
61,-1,2110,470,171,69,0.49244365096092224,6,-1,-1
61,-1,414,552,54,30,0.44750532507896423,4,-1,-1
61,-1,414,552,54,30,0.40946313738822937,5,-1,-1
61,-1,1329,437,70,21,0.30785036087036133,4,-1,-1
96,-1,98,464,109,67,0.834010124206543,6,-1,-1
96,-1,2181,477,125,64,0.6907975077629089,6,-1,-1
96,-1,147,653,78,33,0.6479968428611755,4,-1,-1
96,-1,1598,478,113,66,0.5340900421142578,6,-1,-1
96,-1,1598,478,112,66,0.5258222818374634,9,-1,-1
96,-1,554,592,64,30,0.5036820769309998,4,-1,-1
156,-1,911,525,196,100,0.8993254899978638,9,-1,-1
156,-1,1358,980,160,97,0.8829784393310547,4,-1,-1
156,-1,2448,1188,232,107,0.8795663118362427,4,-1,-1
156,-1,1071,943,171,124,0.8719172477722168,5,-1,-1
156,-1,2301,967,147,60,0.8307960033416748,4,-1,-1
156,-1,1462,337,28,16,0.3243553638458252,4,-1,-1
24,-1,67,452,108,62,0.8543272018432617,6,-1,-1
24,-1,958,576,173,83,0.8484307527542114,6,-1,-1
24,-1,1621,474,207,92,0.3279646039009094,6,-1,-1
159,-1,1170,966,175,127,0.9155206680297852,5,-1,-1
159,-1,876,529,201,102,0.9007459282875061,9,-1,-1
159,-1,1456,1003,167,98,0.8932877779006958,4,-1,-1
159,-1,2199,951,142,60,0.791023850440979,4,-1,-1
159,-1,2633,1224,86,105,0.3406316637992859,4,-1,-1
159,-1,1464,337,25,16,0.266637921333313,4,-1,-1
33,-1,304,448,99,58,0.8735536336898804,6,-1,-1
33,-1,1327,554,145,78,0.8704639673233032,6,-1,-1
33,-1,39,495,43,22,0.8320873379707336,4,-1,-1
33,-1,1877,479,210,92,0.8106647729873657,6,-1,-1
33,-1,1660,957,157,78,0.80683833360672,4,-1,-1
33,-1,61,415,82,41,0.8022308349609375,6,-1,-1
33,-1,149,538,50,26,0.7680556774139404,4,-1,-1
33,-1,62,534,50,30,0.6490718126296997,4,-1,-1
33,-1,1838,338,33,16,0.3125709891319275,4,-1,-1
33,-1,1908,448,47,36,0.29965490102767944,5,-1,-1
33,-1,740,561,47,24,0.26242315769195557,4,-1,-1
173,-1,679,554,233,115,0.9122234582901001,9,-1,-1
173,-1,2024,1125,207,119,0.8959882259368896,4,-1,-1
173,-1,1770,884,122,53,0.7319965362548828,4,-1,-1
173,-1,1728,1089,219,157,0.6480157375335693,5,-1,-1
173,-1,1770,883,122,55,0.35392218828201294,7,-1,-1
173,-1,433,466,107,39,0.33771228790283203,6,-1,-1
173,-1,362,609,67,33,0.303641676902771,4,-1,-1
233,-1,1990,1133,208,108,0.9037055373191833,4,-1,-1
233,-1,2451,1187,268,123,0.8998891115188599,4,-1,-1
233,-1,2124,831,147,55,0.881636917591095,4,-1,-1
233,-1,2237,960,185,80,0.8676239252090454,4,-1,-1
233,-1,353,550,68,31,0.43224355578422546,4,-1,-1
233,-1,1133,269,24,14,0.2577311396598816,4,-1,-1
145,-1,1048,510,173,90,0.9036715626716614,9,-1,-1
145,-1,1904,1064,182,91,0.8877326846122742,4,-1,-1
145,-1,378,601,64,31,0.4844900965690613,4,-1,-1
145,-1,1451,334,44,17,0.3180564045906067,4,-1,-1
10,-1,486,630,226,109,0.8764587640762329,6,-1,-1
10,-1,0,457,58,64,0.8190612196922302,6,-1,-1
10,-1,1391,485,239,110,0.7928819060325623,6,-1,-1
141,-1,1117,508,164,87,0.8843883872032166,9,-1,-1
141,-1,1760,1032,172,84,0.8749104142189026,4,-1,-1
141,-1,0,474,37,66,0.6386563777923584,6,-1,-1
141,-1,405,602,64,33,0.35035061836242676,4,-1,-1
254,-1,1644,758,119,46,0.8188233971595764,4,-1,-1
254,-1,2044,846,147,58,0.7917954325675964,4,-1,-1
254,-1,1495,824,135,66,0.7565268874168396,4,-1,-1
254,-1,1156,284,53,24,0.4306755065917969,9,-1,-1
254,-1,1420,276,27,15,0.26138633489608765,4,-1,-1
254,-1,344,547,68,34,0.2562708556652069,4,-1,-1
176,-1,635,560,240,118,0.9077886343002319,9,-1,-1
176,-1,2171,1154,222,123,0.9027100205421448,4,-1,-1
176,-1,1875,1116,231,165,0.8320224285125732,5,-1,-1
176,-1,415,463,109,39,0.5643636584281921,6,-1,-1
176,-1,1690,867,117,52,0.4967096149921417,4,-1,-1
176,-1,364,609,70,33,0.4895630478858948,4,-1,-1
184,-1,486,529,269,132,0.9076937437057495,9,-1,-1
184,-1,2551,889,169,125,0.8574128746986389,6,-1,-1
184,-1,2601,1198,118,148,0.8062413334846497,4,-1,-1
184,-1,2290,1158,267,188,0.4179283678531647,5,-1,-1
184,-1,2291,1158,266,189,0.342006653547287,4,-1,-1
184,-1,365,562,70,37,0.3175353705883026,7,-1,-1
117,-1,1445,488,132,77,0.8782724142074585,9,-1,-1
117,-1,82,465,108,66,0.8632035851478577,6,-1,-1
28,-1,174,449,104,61,0.8504579663276672,6,-1,-1
28,-1,1131,565,156,78,0.6966027021408081,6,-1,-1
28,-1,1429,912,142,76,0.3896408677101135,4,-1,-1
28,-1,1734,470,212,105,0.255461722612381,6,-1,-1
208,-1,1006,901,140,76,0.8931872248649597,4,-1,-1
208,-1,1904,797,193,99,0.8925449848175049,6,-1,-1
208,-1,0,588,206,189,0.8907813429832458,9,-1,-1
208,-1,1273,918,160,82,0.8879709839820862,4,-1,-1
208,-1,356,549,68,32,0.45266231894493103,4,-1,-1
26,-1,120,452,107,60,0.8645150065422058,6,-1,-1
26,-1,1046,567,161,83,0.8491100668907166,6,-1,-1
26,-1,1341,899,136,75,0.6750273704528809,4,-1,-1
26,-1,1666,476,218,100,0.25399380922317505,6,-1,-1
178,-1,601,561,245,123,0.9099478125572205,9,-1,-1
178,-1,2274,1173,230,128,0.9094108939170837,4,-1,-1
178,-1,1975,1135,238,168,0.9047200083732605,5,-1,-1
178,-1,1636,857,113,52,0.6195166707038879,7,-1,-1
101,-1,92,465,109,67,0.8305424451828003,6,-1,-1
101,-1,1564,480,121,68,0.7883684635162354,6,-1,-1
101,-1,1591,338,44,17,0.2626635730266571,4,-1,-1
110,-1,85,465,111,67,0.8540474772453308,6,-1,-1
110,-1,1497,482,129,75,0.8396443724632263,9,-1,-1
168,-1,758,545,222,109,0.9127073287963867,9,-1,-1
168,-1,1800,1084,190,109,0.8995077013969421,4,-1,-1
168,-1,1505,1042,204,146,0.8784918785095215,5,-1,-1
168,-1,1920,909,127,57,0.8356906771659851,4,-1,-1
37,-1,1397,813,118,57,0.8848990201950073,4,-1,-1
37,-1,1800,988,168,82,0.8713912963867188,4,-1,-1
37,-1,1431,548,128,71,0.858375072479248,6,-1,-1
37,-1,334,447,98,58,0.8549054861068726,6,-1,-1
37,-1,93,415,84,42,0.8335074186325073,6,-1,-1
37,-1,1945,478,199,84,0.8205729126930237,6,-1,-1
37,-1,49,491,41,21,0.7630907297134399,4,-1,-1
37,-1,123,541,53,30,0.6408272981643677,4,-1,-1
37,-1,296,434,53,24,0.4956265389919281,4,-1,-1
231,-1,1890,1109,197,104,0.9053589701652527,4,-1,-1
231,-1,2326,1160,256,119,0.905205488204956,4,-1,-1
231,-1,2322,978,190,82,0.8867639899253845,4,-1,-1
231,-1,2178,839,148,56,0.8690354228019714,4,-1,-1
231,-1,351,549,69,31,0.2567078471183777,4,-1,-1
231,-1,2687,927,32,64,0.25168919563293457,7,-1,-1
113,-1,81,466,112,66,0.8506514430046082,6,-1,-1
113,-1,1475,488,130,72,0.7829123139381409,6,-1,-1
113,-1,1476,486,129,76,0.39279666543006897,9,-1,-1
113,-1,2084,497,64,42,0.29341793060302734,6,-1,-1
39,-1,1448,826,121,57,0.9006040692329407,4,-1,-1
39,-1,1864,1005,172,85,0.88333660364151,4,-1,-1
39,-1,1455,544,133,67,0.8725315928459167,6,-1,-1
39,-1,331,447,100,58,0.857846736907959,6,-1,-1
39,-1,89,416,83,41,0.8262520432472229,6,-1,-1
39,-1,1964,474,190,83,0.5911146402359009,6,-1,-1
39,-1,36,488,42,23,0.5518544316291809,4,-1,-1
39,-1,757,562,53,24,0.5257081389427185,4,-1,-1
39,-1,295,436,48,22,0.40577957034111023,4,-1,-1
39,-1,1934,449,46,48,0.28196829557418823,9,-1,-1
39,-1,1765,334,28,16,0.27943286299705505,4,-1,-1
39,-1,0,502,18,29,0.26578086614608765,4,-1,-1
224,-1,1565,1032,175,95,0.897455096244812,4,-1,-1
224,-1,1939,1075,220,103,0.894813597202301,4,-1,-1
224,-1,1532,744,175,97,0.8904748558998108,6,-1,-1
224,-1,2372,864,160,60,0.8716215491294861,4,-1,-1
224,-1,2648,1042,72,93,0.7453308701515198,4,-1,-1
224,-1,352,550,68,31,0.4547828435897827,4,-1,-1
42,-1,1525,843,126,60,0.8860788941383362,4,-1,-1
42,-1,1963,1029,181,91,0.8815237283706665,4,-1,-1
42,-1,332,447,98,59,0.8736340403556824,6,-1,-1
42,-1,1507,538,126,66,0.8516576290130615,6,-1,-1
42,-1,89,416,83,41,0.8170716762542725,6,-1,-1
42,-1,250,556,51,25,0.7825008630752563,4,-1,-1
42,-1,1983,473,191,77,0.7755676507949829,6,-1,-1
42,-1,163,551,52,30,0.7563158869743347,4,-1,-1
42,-1,0,503,34,34,0.4483206272125244,4,-1,-1
238,-1,2274,1196,235,122,0.9168468713760376,4,-1,-1
238,-1,2036,922,168,77,0.8783016204833984,4,-1,-1
238,-1,1996,813,139,54,0.8650268912315369,4,-1,-1
238,-1,352,550,68,31,0.4970863163471222,4,-1,-1
238,-1,0,608,22,39,0.4960985779762268,4,-1,-1
238,-1,1157,287,49,22,0.3064812421798706,9,-1,-1
238,-1,1131,269,25,15,0.25709274411201477,4,-1,-1
78,-1,297,449,102,59,0.8624938130378723,6,-1,-1
78,-1,1823,460,91,58,0.8425862193107605,9,-1,-1
78,-1,56,415,81,42,0.8139210939407349,6,-1,-1
78,-1,1945,497,84,53,0.8019616007804871,6,-1,-1
78,-1,2216,469,175,70,0.772551953792572,6,-1,-1
78,-1,228,520,50,31,0.6312791705131531,4,-1,-1
78,-1,201,575,67,50,0.4634620249271393,5,-1,-1
78,-1,201,575,68,50,0.4343230724334717,4,-1,-1
78,-1,1720,330,54,19,0.28138014674186707,4,-1,-1
119,-1,1417,490,133,77,0.8854100704193115,9,-1,-1
119,-1,62,466,111,65,0.8472216129302979,6,-1,-1
195,-1,220,542,321,154,0.9204277992248535,9,-1,-1
195,-1,2234,843,223,116,0.8878084421157837,6,-1,-1
57,-1,1997,954,163,75,0.8951795101165771,4,-1,-1
57,-1,323,448,97,61,0.879416286945343,6,-1,-1
57,-1,1714,515,110,58,0.849868893623352,6,-1,-1
57,-1,76,530,59,44,0.821807324886322,5,-1,-1
57,-1,80,418,83,44,0.8011059761047363,6,-1,-1
57,-1,2083,470,180,74,0.7612553834915161,6,-1,-1
57,-1,2578,1188,141,105,0.7501486539840698,4,-1,-1
57,-1,276,584,58,31,0.7464773654937744,4,-1,-1
57,-1,380,588,57,31,0.722828209400177,4,-1,-1
57,-1,1894,452,66,54,0.6759777069091797,6,-1,-1
57,-1,457,559,54,31,0.4937802255153656,4,-1,-1
65,-1,2316,1022,195,85,0.8863166570663452,4,-1,-1
65,-1,317,445,100,59,0.8524085283279419,6,-1,-1
65,-1,131,542,60,45,0.8425409197807312,5,-1,-1
65,-1,1810,503,93,54,0.8088300228118896,6,-1,-1
65,-1,338,594,62,37,0.7510552406311035,4,-1,-1
65,-1,2133,462,171,68,0.7451187968254089,6,-1,-1
65,-1,73,411,85,45,0.6145209670066833,6,-1,-1
65,-1,1833,450,110,60,0.594336748123169,6,-1,-1
65,-1,372,539,52,29,0.4773178994655609,5,-1,-1
65,-1,1362,335,33,17,0.2589993178844452,4,-1,-1
94,-1,1610,476,110,66,0.8569633960723877,9,-1,-1
94,-1,136,648,73,43,0.7811407446861267,4,-1,-1
94,-1,101,464,107,66,0.7084690928459167,6,-1,-1
94,-1,1921,508,105,42,0.6757934093475342,6,-1,-1
94,-1,556,591,64,30,0.5366966128349304,4,-1,-1
48,-1,1694,885,142,65,0.9051306843757629,4,-1,-1
48,-1,2181,1087,206,100,0.8892854452133179,4,-1,-1
48,-1,324,448,102,60,0.8860856890678406,6,-1,-1
48,-1,1593,526,119,64,0.8481467962265015,6,-1,-1
48,-1,206,564,56,32,0.7952463030815125,4,-1,-1
48,-1,301,568,49,29,0.7688603401184082,4,-1,-1
48,-1,84,416,83,43,0.7000604271888733,6,-1,-1
48,-1,19,514,53,40,0.6581366658210754,5,-1,-1
48,-1,2029,470,182,75,0.49127331376075745,6,-1,-1
48,-1,264,445,48,20,0.40588998794555664,4,-1,-1
48,-1,562,576,59,32,0.3803632855415344,4,-1,-1
48,-1,1917,451,52,51,0.29652491211891174,6,-1,-1
215,-1,1227,953,151,81,0.8995634317398071,4,-1,-1
215,-1,1731,772,191,97,0.892665684223175,6,-1,-1
215,-1,1533,983,182,86,0.8874624371528625,4,-1,-1
215,-1,355,550,69,32,0.5478257536888123,4,-1,-1
75,-1,304,448,100,60,0.8556333780288696,6,-1,-1
75,-1,2197,469,172,69,0.8258627653121948,6,-1,-1
75,-1,58,415,84,42,0.8131871223449707,6,-1,-1
75,-1,186,567,66,50,0.6499553918838501,5,-1,-1
75,-1,261,524,52,31,0.648800253868103,4,-1,-1
75,-1,1830,456,90,59,0.5657826662063599,9,-1,-1
75,-1,1919,498,84,55,0.5629783868789673,6,-1,-1
75,-1,1721,329,52,20,0.3534630537033081,4,-1,-1
75,-1,1833,336,48,18,0.3081699013710022,4,-1,-1
182,-1,526,543,260,129,0.9136009216308594,9,-1,-1
182,-1,2487,1193,230,139,0.8938322067260742,4,-1,-1
182,-1,2611,912,108,138,0.7135430574417114,6,-1,-1
182,-1,2182,1153,256,181,0.5296278595924377,5,-1,-1
182,-1,362,582,75,34,0.4718591868877411,7,-1,-1
182,-1,2182,1153,255,181,0.4572129249572754,4,-1,-1
11,-1,516,627,223,102,0.8640899658203125,6,-1,-1
11,-1,0,457,58,63,0.7890806794166565,6,-1,-1
11,-1,1388,482,252,128,0.7139398455619812,6,-1,-1
207,-1,1926,800,198,98,0.9054683446884155,6,-1,-1
207,-1,0,584,236,183,0.8818734884262085,9,-1,-1
207,-1,978,895,138,76,0.8795290589332581,4,-1,-1
207,-1,1236,910,160,82,0.8706601858139038,4,-1,-1
207,-1,360,549,67,31,0.4342677593231201,4,-1,-1
265,-1,100,563,63,28,0.6999126076698303,4,-1,-1
265,-1,1775,819,139,53,0.5408002734184265,4,-1,-1
265,-1,1419,281,29,16,0.3274000585079193,4,-1,-1
218,-1,1332,975,157,86,0.8979602456092834,4,-1,-1
218,-1,1658,1011,196,92,0.8845915198326111,4,-1,-1
218,-1,1660,761,190,107,0.8775356411933899,6,-1,-1
218,-1,2545,888,169,59,0.8440535664558411,4,-1,-1
218,-1,356,549,68,32,0.37461820244789124,4,-1,-1
228,-1,1742,1075,188,101,0.9010369181632996,4,-1,-1
228,-1,2152,1122,239,110,0.9007409811019897,4,-1,-1
228,-1,2456,1003,204,85,0.8899147510528564,4,-1,-1
228,-1,2259,851,153,55,0.875485897064209,4,-1,-1
228,-1,1448,732,170,96,0.8704972863197327,6,-1,-1
228,-1,354,550,67,31,0.33598563075065613,4,-1,-1
247,-1,1716,860,149,71,0.8867823481559753,4,-1,-1
247,-1,1787,776,129,52,0.8496269583702087,4,-1,-1
247,-1,2225,864,155,60,0.5739696621894836,4,-1,-1
247,-1,347,546,72,35,0.3453829288482666,4,-1,-1
135,-1,1205,504,154,84,0.8947964906692505,9,-1,-1
135,-1,1559,984,155,78,0.8812074065208435,4,-1,-1
135,-1,0,468,76,69,0.8370423913002014,6,-1,-1
135,-1,438,601,67,33,0.6113171577453613,4,-1,-1
154,-1,1012,930,165,118,0.9137803912162781,5,-1,-1
154,-1,938,520,191,99,0.9000445604324341,9,-1,-1
154,-1,2337,1162,219,102,0.8867899179458618,4,-1,-1
154,-1,1298,964,155,96,0.8789846897125244,4,-1,-1
154,-1,2373,975,150,63,0.8326373100280762,4,-1,-1
154,-1,1463,336,28,17,0.3992323577404022,4,-1,-1
131,-1,0,469,79,69,0.8516010046005249,6,-1,-1
131,-1,1423,954,146,73,0.8481059074401855,4,-1,-1
131,-1,1244,503,149,81,0.8126484751701355,9,-1,-1
147,-1,1020,513,177,93,0.901547372341156,9,-1,-1
147,-1,1991,1085,189,91,0.8837836384773254,4,-1,-1
147,-1,2634,1004,85,61,0.2555888891220093,4,-1,-1
147,-1,369,601,70,35,0.25450119376182556,4,-1,-1
260,-1,1898,830,142,61,0.6323269605636597,4,-1,-1
260,-1,1528,746,114,49,0.39449456334114075,4,-1,-1
125,-1,1300,495,142,79,0.9007416367530823,9,-1,-1
125,-1,0,466,84,69,0.8423802852630615,6,-1,-1
130,-1,0,469,79,69,0.847675621509552,6,-1,-1
130,-1,1389,946,143,71,0.8291396498680115,4,-1,-1
130,-1,1252,502,150,81,0.7225591540336609,9,-1,-1
130,-1,1252,502,149,82,0.4387471079826355,6,-1,-1
175,-1,651,556,240,120,0.9107546806335449,9,-1,-1
175,-1,2122,1144,219,122,0.9017136693000793,4,-1,-1
175,-1,1825,1107,226,163,0.8282499313354492,5,-1,-1
175,-1,1714,868,122,57,0.5964781641960144,4,-1,-1
203,-1,0,569,350,168,0.9183703660964966,9,-1,-1
203,-1,2025,814,205,109,0.9006466269493103,6,-1,-1
203,-1,361,549,67,31,0.4427623748779297,4,-1,-1
45,-1,2068,1056,194,98,0.8888766169548035,4,-1,-1
45,-1,1604,863,136,64,0.8817741274833679,4,-1,-1
45,-1,1548,526,127,75,0.8761601448059082,6,-1,-1
45,-1,326,448,101,60,0.873107373714447,6,-1,-1
45,-1,2008,473,182,74,0.7547528147697449,6,-1,-1
45,-1,183,557,56,33,0.7527708411216736,4,-1,-1
45,-1,86,416,82,41,0.7505040168762207,6,-1,-1
45,-1,273,563,54,27,0.6157893538475037,4,-1,-1
45,-1,0,507,52,39,0.45887377858161926,4,-1,-1
45,-1,1921,449,54,51,0.3924632668495178,9,-1,-1
259,-1,1922,839,143,54,0.8421406149864197,4,-1,-1
259,-1,1546,748,116,49,0.7878164649009705,4,-1,-1
259,-1,340,553,65,31,0.3683599829673767,4,-1,-1
1,-1,153,683,289,122,0.8873682618141174,6,-1,-1
1,-1,0,456,63,66,0.8280993103981018,6,-1,-1
1,-1,2304,1124,414,355,0.7847242951393127,6,-1,-1
1,-1,1291,513,84,86,0.6014605164527893,6,-1,-1
133,-1,1224,504,153,82,0.887356162071228,9,-1,-1
133,-1,1489,968,150,76,0.8615631461143494,4,-1,-1
133,-1,0,468,78,70,0.8441562652587891,6,-1,-1
133,-1,439,601,68,33,0.6971150040626526,4,-1,-1
214,-1,1193,945,152,80,0.9033694863319397,4,-1,-1
214,-1,1494,972,179,87,0.8957024216651917,4,-1,-1
214,-1,1752,775,196,99,0.8928548693656921,6,-1,-1
214,-1,2664,905,55,52,0.5159750580787659,4,-1,-1
214,-1,355,550,69,31,0.48780518770217896,4,-1,-1
22,-1,871,583,181,88,0.865118145942688,6,-1,-1
22,-1,8,451,115,65,0.8381026387214661,6,-1,-1
22,-1,1554,471,220,106,0.5558531880378723,6,-1,-1
226,-1,1651,1053,182,96,0.9021201729774475,4,-1,-1
226,-1,2044,1097,229,107,0.8997200131416321,4,-1,-1
226,-1,2315,857,156,58,0.885597288608551,4,-1,-1
226,-1,1490,739,170,90,0.86766117811203,6,-1,-1
226,-1,2550,1020,170,87,0.8556973934173584,4,-1,-1
226,-1,353,550,67,32,0.3205329179763794,4,-1,-1
50,-1,2262,1109,214,103,0.8860024213790894,4,-1,-1
50,-1,1756,899,146,70,0.8831546306610107,4,-1,-1
50,-1,1620,524,121,64,0.8712834119796753,6,-1,-1
50,-1,326,448,99,62,0.8674963116645813,6,-1,-1
50,-1,222,569,55,33,0.8345344066619873,4,-1,-1
50,-1,83,418,86,44,0.7826229333877563,6,-1,-1
50,-1,31,517,55,41,0.7067167162895203,5,-1,-1
50,-1,2042,471,179,76,0.6597100496292114,6,-1,-1
50,-1,316,574,53,29,0.5905643105506897,4,-1,-1
50,-1,537,573,58,33,0.3394010066986084,8,-1,-1
50,-1,537,572,58,34,0.3219935894012451,4,-1,-1
50,-1,1912,452,57,50,0.30839890241622925,9,-1,-1
139,-1,1149,506,161,87,0.8973187804222107,9,-1,-1
139,-1,1694,1017,166,80,0.8746137022972107,4,-1,-1
139,-1,0,472,55,66,0.8188802599906921,6,-1,-1
139,-1,417,601,70,31,0.4030405879020691,4,-1,-1
139,-1,1595,338,46,18,0.2855375111103058,4,-1,-1
74,-1,304,449,101,58,0.8549292087554932,6,-1,-1
74,-1,62,415,84,42,0.8386276364326477,6,-1,-1
74,-1,182,563,66,50,0.7741094827651978,5,-1,-1
74,-1,2191,470,172,65,0.714221179485321,6,-1,-1
74,-1,1831,457,96,57,0.6221563220024109,6,-1,-1
74,-1,1908,499,84,55,0.5152540802955627,6,-1,-1
74,-1,274,524,51,32,0.4994525909423828,5,-1,-1
74,-1,275,523,50,33,0.4217870831489563,4,-1,-1
74,-1,1832,335,49,18,0.30580320954322815,4,-1,-1
74,-1,1909,500,83,54,0.27994304895401,7,-1,-1
128,-1,0,466,82,71,0.8314266204833984,6,-1,-1
128,-1,1271,498,146,82,0.7609779834747314,9,-1,-1
128,-1,1333,929,133,70,0.6375278830528259,4,-1,-1
128,-1,1270,499,147,80,0.4491819143295288,6,-1,-1
68,-1,2458,1058,207,92,0.8984493017196655,4,-1,-1
68,-1,312,444,102,60,0.8474827408790588,6,-1,-1
68,-1,1834,452,103,104,0.8457683324813843,6,-1,-1
68,-1,2148,464,175,71,0.7772527933120728,6,-1,-1
68,-1,339,533,53,31,0.6903142929077148,4,-1,-1
68,-1,150,547,62,48,0.684846818447113,4,-1,-1
68,-1,69,413,84,43,0.5399569869041443,6,-1,-1
68,-1,352,599,69,38,0.42617979645729065,4,-1,-1
68,-1,1830,336,52,17,0.25570613145828247,4,-1,-1
234,-1,2043,1145,215,111,0.9073647260665894,4,-1,-1
234,-1,2098,828,144,54,0.8825669288635254,4,-1,-1
234,-1,2196,953,180,79,0.879767894744873,4,-1,-1
234,-1,2517,1204,203,123,0.8790091276168823,4,-1,-1
234,-1,353,550,68,31,0.4917278587818146,4,-1,-1
234,-1,1133,269,23,13,0.2945297360420227,4,-1,-1
234,-1,2591,915,129,59,0.2588699460029602,4,-1,-1
124,-1,1310,493,142,79,0.9023327827453613,9,-1,-1
124,-1,0,466,86,69,0.8378816246986389,6,-1,-1
126,-1,1292,495,142,80,0.8527442216873169,9,-1,-1
126,-1,0,466,83,70,0.8442613482475281,6,-1,-1
126,-1,2274,473,195,75,0.2530698776245117,6,-1,-1
262,-1,1849,826,141,59,0.46993881464004517,4,-1,-1
262,-1,1369,813,27,33,0.3536413609981537,2,-1,-1
47,-1,325,448,101,60,0.8879955410957336,6,-1,-1
47,-1,2143,1076,200,99,0.8866077065467834,4,-1,-1
47,-1,1664,878,139,63,0.8828912973403931,4,-1,-1
47,-1,1575,529,122,63,0.8522436618804932,6,-1,-1
47,-1,289,568,55,26,0.8239180445671082,4,-1,-1
47,-1,197,563,58,31,0.81996750831604,4,-1,-1
47,-1,2023,473,178,72,0.7432812452316284,6,-1,-1
47,-1,86,416,81,42,0.6733856797218323,6,-1,-1
47,-1,11,512,53,39,0.6705400347709656,5,-1,-1
47,-1,266,444,47,22,0.3097209930419922,4,-1,-1
47,-1,1918,450,54,51,0.2987675964832306,6,-1,-1
18,-1,0,458,55,62,0.816767156124115,6,-1,-1
18,-1,735,599,178,86,0.6044691801071167,7,-1,-1
18,-1,730,599,183,86,0.3331497311592102,6,-1,-1
18,-1,1469,475,222,102,0.2664819657802582,6,-1,-1
160,-1,1204,973,178,131,0.9086913466453552,5,-1,-1
160,-1,1491,1012,168,100,0.8892545104026794,4,-1,-1
160,-1,866,530,202,103,0.8294728398323059,9,-1,-1
160,-1,2168,945,138,61,0.6726604104042053,4,-1,-1
160,-1,520,456,109,42,0.2578641474246979,6,-1,-1
177,-1,617,560,246,122,0.9166234731674194,9,-1,-1
177,-1,2221,1164,226,124,0.9012321829795837,4,-1,-1
177,-1,1924,1126,236,165,0.8495144844055176,5,-1,-1
177,-1,1661,862,118,50,0.5693347454071045,4,-1,-1
177,-1,364,609,70,34,0.5273540616035461,4,-1,-1
177,-1,412,462,110,41,0.4532131850719452,6,-1,-1
123,-1,1322,493,138,78,0.8817593455314636,9,-1,-1
123,-1,0,464,89,70,0.768703818321228,6,-1,-1
29,-1,199,447,105,63,0.8300871253013611,6,-1,-1
29,-1,1170,564,153,79,0.8223288059234619,6,-1,-1
29,-1,1473,920,143,77,0.6378328800201416,4,-1,-1
29,-1,1761,473,213,104,0.5552963018417358,6,-1,-1
29,-1,0,423,32,40,0.4255240857601166,6,-1,-1
29,-1,2,536,55,27,0.2991425693035126,4,-1,-1
194,-1,240,542,326,148,0.9154728055000305,9,-1,-1
194,-1,2261,847,225,122,0.9011597633361816,6,-1,-1
44,-1,1580,856,130,63,0.9042276740074158,4,-1,-1
44,-1,2033,1047,187,94,0.8792924284934998,4,-1,-1
44,-1,328,448,100,59,0.8734092116355896,6,-1,-1
44,-1,1537,533,122,67,0.8543605804443359,6,-1,-1
44,-1,86,416,81,41,0.7662346959114075,6,-1,-1
44,-1,177,554,56,34,0.7592287063598633,4,-1,-1
44,-1,265,559,49,28,0.7425993084907532,4,-1,-1
44,-1,0,506,46,36,0.4772603213787079,5,-1,-1
44,-1,1922,450,53,50,0.4443620443344116,9,-1,-1
44,-1,617,581,54,25,0.2919551432132721,4,-1,-1
217,-1,1294,966,157,86,0.8968125581741333,4,-1,-1
217,-1,1684,765,188,102,0.8888583779335022,6,-1,-1
217,-1,1615,1001,191,89,0.8872315883636475,4,-1,-1
217,-1,2573,891,147,63,0.8313956260681152,4,-1,-1
217,-1,355,550,69,31,0.4838370382785797,4,-1,-1
197,-1,2181,836,219,108,0.9084184169769287,6,-1,-1
197,-1,162,549,340,156,0.9054813385009766,9,-1,-1
52,-1,2347,1129,221,107,0.8979430198669434,4,-1,-1
52,-1,1822,914,150,69,0.8972392082214355,4,-1,-1
52,-1,1649,521,114,62,0.8666623830795288,6,-1,-1
52,-1,2054,470,179,74,0.839347779750824,6,-1,-1
52,-1,324,448,99,61,0.8383152484893799,6,-1,-1
52,-1,236,573,59,35,0.7944051027297974,4,-1,-1
52,-1,80,417,85,45,0.7581408023834229,6,-1,-1
52,-1,333,580,54,27,0.7262827157974243,4,-1,-1
52,-1,44,522,56,41,0.7014749050140381,5,-1,-1
52,-1,1909,452,58,51,0.3407580852508545,9,-1,-1
52,-1,1847,337,44,17,0.2853105068206787,4,-1,-1
239,-1,2337,1212,240,121,0.9073987007141113,4,-1,-1
239,-1,1999,915,167,77,0.8747850060462952,4,-1,-1
239,-1,1973,808,136,55,0.8562145829200745,4,-1,-1
239,-1,0,607,31,39,0.5654976963996887,4,-1,-1
239,-1,352,550,68,31,0.4143439829349518,4,-1,-1
239,-1,2445,897,167,59,0.3235695958137512,4,-1,-1
239,-1,1157,287,51,22,0.25656723976135254,9,-1,-1
239,-1,1131,269,26,15,0.2564060091972351,4,-1,-1
86,-1,172,462,107,63,0.8400880098342896,6,-1,-1
86,-1,135,617,74,58,0.7958146929740906,5,-1,-1
86,-1,1699,473,112,63,0.7748332023620605,6,-1,-1
86,-1,28,525,50,29,0.7117516994476318,4,-1,-1
86,-1,2174,478,176,69,0.6768792271614075,6,-1,-1
86,-1,1937,509,75,45,0.5490612387657166,6,-1,-1
232,-1,1938,1120,205,107,0.9058550596237183,4,-1,-1
232,-1,2388,1174,262,119,0.9003637433052063,4,-1,-1
232,-1,2280,970,188,80,0.8774137496948242,4,-1,-1
232,-1,2152,835,149,55,0.8660648465156555,4,-1,-1
232,-1,2655,922,64,61,0.6684367656707764,4,-1,-1
232,-1,353,550,68,31,0.39928770065307617,4,-1,-1
38,-1,1425,819,118,59,0.8885726928710938,4,-1,-1
38,-1,1441,547,133,69,0.8818240761756897,6,-1,-1
38,-1,1834,996,168,86,0.8805351257324219,4,-1,-1
38,-1,334,448,98,57,0.8538768291473389,6,-1,-1
38,-1,93,416,82,41,0.8314309120178223,6,-1,-1
38,-1,43,491,42,20,0.713097333908081,4,-1,-1
38,-1,1950,475,198,86,0.6971468329429626,6,-1,-1
38,-1,133,542,50,30,0.559196949005127,4,-1,-1
38,-1,295,434,54,24,0.5280134081840515,4,-1,-1
38,-1,1933,449,48,48,0.36292213201522827,9,-1,-1
38,-1,756,562,55,24,0.3561227321624756,4,-1,-1
38,-1,1765,335,29,15,0.25478312373161316,4,-1,-1
71,-1,2615,1098,104,93,0.8437983989715576,4,-1,-1
71,-1,308,445,103,59,0.8350071310997009,6,-1,-1
71,-1,64,414,88,43,0.8221341371536255,6,-1,-1
71,-1,2169,465,173,72,0.7908611297607422,6,-1,-1
71,-1,167,555,63,50,0.6691178679466248,5,-1,-1
71,-1,1847,455,84,58,0.6475708484649658,6,-1,-1
71,-1,1880,500,83,53,0.47736504673957825,6,-1,-1
71,-1,308,529,50,30,0.38676729798316956,4,-1,-1
71,-1,380,606,41,29,0.2718140184879303,4,-1,-1
118,-1,74,466,109,64,0.8655334115028381,6,-1,-1
118,-1,1434,489,132,77,0.8490952253341675,9,-1,-1
118,-1,2297,481,113,56,0.3721964955329895,6,-1,-1
51,-1,2304,1119,218,104,0.8906419277191162,4,-1,-1
51,-1,1788,907,150,69,0.8820457458496094,4,-1,-1
51,-1,1637,523,111,61,0.8710585832595825,6,-1,-1
51,-1,325,448,99,61,0.8574967980384827,6,-1,-1
51,-1,229,570,56,34,0.8165667057037354,4,-1,-1
51,-1,2045,471,181,74,0.8065944314002991,6,-1,-1
51,-1,82,418,84,43,0.7667415738105774,6,-1,-1
51,-1,325,576,59,29,0.7462296485900879,4,-1,-1
51,-1,37,518,57,41,0.7343465685844421,5,-1,-1
12,-1,0,457,57,64,0.7904364466667175,6,-1,-1
12,-1,549,622,216,101,0.7856951355934143,6,-1,-1
12,-1,1410,483,237,116,0.6494922041893005,6,-1,-1
12,-1,550,624,215,99,0.4398902356624603,7,-1,-1
245,-1,1782,874,157,71,0.8739850521087646,4,-1,-1
245,-1,1833,785,132,51,0.8638575673103333,4,-1,-1
245,-1,2277,871,159,59,0.412749707698822,4,-1,-1
245,-1,0,409,87,49,0.2877822816371918,6,-1,-1
88,-1,100,627,82,60,0.8579791784286499,4,-1,-1
88,-1,122,465,108,64,0.85503089427948,6,-1,-1
88,-1,1652,474,107,64,0.7946344017982483,6,-1,-1
88,-1,2146,476,171,73,0.788092315196991,6,-1,-1
88,-1,1915,505,77,47,0.529635488986969,6,-1,-1
213,-1,1778,779,194,103,0.9070979952812195,6,-1,-1
213,-1,1162,936,147,81,0.9029041528701782,4,-1,-1
213,-1,1455,963,175,86,0.8855403065681458,4,-1,-1
213,-1,356,550,68,31,0.4620589017868042,4,-1,-1
190,-1,347,528,298,144,0.904607892036438,9,-1,-1
190,-1,2373,858,235,121,0.8969904184341431,6,-1,-1
190,-1,2657,1224,63,192,0.35369259119033813,6,-1,-1
158,-1,888,527,199,101,0.8938924074172974,9,-1,-1
158,-1,1136,957,174,127,0.8877748847007751,5,-1,-1
158,-1,1424,995,163,98,0.88690185546875,4,-1,-1
158,-1,2234,956,143,60,0.8399958610534668,4,-1,-1
158,-1,2568,1212,152,117,0.8383698463439941,4,-1,-1
158,-1,1464,336,25,17,0.2670925259590149,4,-1,-1
4,-1,348,667,189,101,0.8221927285194397,6,-1,-1
4,-1,0,456,62,66,0.7958803772926331,6,-1,-1
4,-1,1326,494,255,106,0.4845084547996521,6,-1,-1
87,-1,145,464,107,63,0.8590698838233948,6,-1,-1
87,-1,1674,473,124,65,0.8169335722923279,6,-1,-1
87,-1,114,623,78,56,0.8091008067131042,5,-1,-1
87,-1,2158,477,171,71,0.750425398349762,6,-1,-1
87,-1,1924,508,76,44,0.594281792640686,6,-1,-1
87,-1,0,525,41,30,0.5754233002662659,4,-1,-1
90,-1,1632,477,108,65,0.8727173209190369,6,-1,-1
90,-1,93,636,90,56,0.8584052920341492,4,-1,-1
90,-1,106,466,109,65,0.842863917350769,6,-1,-1
90,-1,2148,476,168,71,0.8320624232292175,6,-1,-1
90,-1,1916,507,83,45,0.6621609926223755,6,-1,-1
90,-1,563,589,61,34,0.2855798900127411,7,-1,-1
32,-1,278,447,101,60,0.8651944398880005,6,-1,-1
32,-1,1289,558,147,74,0.8524413108825684,6,-1,-1
32,-1,1613,950,153,76,0.8346722722053528,4,-1,-1
32,-1,116,539,49,24,0.7975695729255676,4,-1,-1
32,-1,26,534,52,28,0.7515669465065002,4,-1,-1
32,-1,13,500,47,22,0.7362776398658752,4,-1,-1
32,-1,1842,474,216,98,0.7089274525642395,6,-1,-1
32,-1,25,414,88,43,0.6368885636329651,6,-1,-1
167,-1,1465,1034,198,142,0.9058610796928406,5,-1,-1
167,-1,774,544,218,109,0.9016978740692139,9,-1,-1
167,-1,1759,1074,188,107,0.8985005021095276,4,-1,-1
167,-1,1949,914,129,56,0.8314960598945618,4,-1,-1
167,-1,480,458,112,40,0.5755707621574402,6,-1,-1
8,-1,419,645,239,104,0.888113260269165,6,-1,-1
8,-1,0,458,61,64,0.8315847516059875,6,-1,-1
8,-1,1371,484,242,116,0.7207642197608948,6,-1,-1
8,-1,2562,1193,157,246,0.5590347051620483,6,-1,-1
236,-1,2155,1170,224,116,0.9117251634597778,4,-1,-1
236,-1,2112,938,180,78,0.8822664618492126,4,-1,-1
236,-1,2047,821,140,53,0.8781399726867676,4,-1,-1
236,-1,2652,1229,67,105,0.7355214357376099,4,-1,-1
236,-1,352,550,68,31,0.3378586173057556,4,-1,-1
236,-1,1130,269,24,13,0.3306664228439331,4,-1,-1
166,-1,786,541,217,108,0.9055904150009155,9,-1,-1
166,-1,1718,1064,185,108,0.8928171396255493,4,-1,-1
166,-1,1425,1024,195,143,0.860476553440094,5,-1,-1
166,-1,1979,918,131,57,0.8313775658607483,4,-1,-1
166,-1,485,459,107,40,0.3418264091014862,6,-1,-1
