237,-1,2214,1182,232,122,0.914699137210846,4,-1,-1
237,-1,2074,931,176,77,0.8244613409042358,4,-1,-1
237,-1,2022,818,138,53,0.767525315284729,4,-1,-1
237,-1,2503,905,171,51,0.678501307964325,4,-1,-1
237,-1,3,422,2125,837,0.43994447588920593,11,-1,-1
196,-1,193,548,330,154,0.9055960774421692,9,-1,-1
196,-1,2209,839,218,105,0.7148385643959045,6,-1,-1
60,-1,2108,979,175,83,0.8938335180282593,4,-1,-1
60,-1,322,447,98,63,0.7383002042770386,6,-1,-1
60,-1,99,537,59,43,0.5252841114997864,4,-1,-1
60,-1,1888,455,64,54,0.46933430433273315,6,-1,-1
60,-1,1754,516,99,54,0.4345039427280426,6,-1,-1
60,-1,7,441,2587,770,0.3571770191192627,11,-1,-1
60,-1,78,418,83,44,0.3406544029712677,6,-1,-1
60,-1,424,552,55,32,0.26950955390930176,4,-1,-1
60,-1,300,586,58,36,0.25694340467453003,4,-1,-1
92,-1,104,463,108,67,0.7247616648674011,6,-1,-1
92,-1,1620,478,109,64,0.49780750274658203,6,-1,-1
92,-1,5,486,2308,793,0.3442049026489258,11,-1,-1
180,-1,564,559,256,129,0.9180273413658142,9,-1,-1
180,-1,2379,1191,239,129,0.9083393812179565,4,-1,-1
180,-1,2076,1151,248,181,0.5513243675231934,4,-1,-1
180,-1,2077,1150,248,182,0.45925185084342957,6,-1,-1
180,-1,1578,847,116,46,0.4269176423549652,4,-1,-1
180,-1,2674,958,44,83,0.35540974140167236,4,-1,-1
20,-1,0,454,79,66,0.46577873826026917,6,-1,-1
20,-1,787,593,187,83,0.4653182327747345,6,-1,-1
20,-1,1484,471,237,119,0.2732616066932678,11,-1,-1
151,-1,974,517,184,98,0.8922019600868225,9,-1,-1
151,-1,2183,1127,204,97,0.8568627238273621,4,-1,-1
151,-1,2482,988,156,67,0.7795764207839966,4,-1,-1
151,-1,1214,948,148,88,0.7640586495399475,4,-1,-1
151,-1,924,923,161,96,0.6192302107810974,6,-1,-1
249,-1,2172,862,151,53,0.714076578617096,4,-1,-1
249,-1,1647,852,151,67,0.7058612704277039,4,-1,-1
249,-1,1742,772,129,48,0.6899417042732239,4,-1,-1
249,-1,3,398,2122,855,0.260470449924469,11,-1,-1
17,-1,0,458,56,63,0.5846403241157532,6,-1,-1
17,-1,687,605,203,87,0.4585641622543335,6,-1,-1
62,-1,2188,996,181,85,0.8898008465766907,4,-1,-1
62,-1,319,447,100,62,0.6419771313667297,6,-1,-1
62,-1,111,537,59,47,0.49063336849212646,4,-1,-1
62,-1,77,417,82,45,0.447262704372406,6,-1,-1
62,-1,3,459,2450,762,0.33283665776252747,11,-1,-1
62,-1,2113,470,173,68,0.3128552734851837,6,-1,-1
62,-1,402,550,54,30,0.31109362840652466,4,-1,-1
62,-1,1774,514,100,54,0.2823646664619446,6,-1,-1
62,-1,1880,455,69,56,0.26515382528305054,6,-1,-1
251,-1,1584,838,146,68,0.7889819741249084,4,-1,-1
251,-1,2121,854,149,52,0.6712727546691895,4,-1,-1
251,-1,1703,767,124,48,0.6403828859329224,4,-1,-1
66,-1,2361,1034,199,89,0.8803368210792542,4,-1,-1
66,-1,316,444,101,61,0.6780620217323303,6,-1,-1
66,-1,1868,452,74,55,0.4983423054218292,6,-1,-1
66,-1,3,472,2387,741,0.48430123925209045,11,-1,-1
66,-1,139,542,61,48,0.4809786379337311,4,-1,-1
66,-1,1823,502,93,55,0.3942141830921173,6,-1,-1
66,-1,74,414,81,42,0.3332211375236511,6,-1,-1
66,-1,359,535,55,32,0.30754199624061584,4,-1,-1
2,-1,0,459,64,63,0.6642128229141235,6,-1,-1
2,-1,197,681,279,112,0.5568813681602478,6,-1,-1
2,-1,1271,503,297,129,0.34531718492507935,6,-1,-1
2,-1,1304,497,174,101,0.26672622561454773,6,-1,-1
179,-1,583,561,251,127,0.9173116683959961,9,-1,-1
179,-1,2327,1186,233,127,0.9013450145721436,4,-1,-1
179,-1,2025,1146,246,173,0.5956466794013977,4,-1,-1
179,-1,2025,1145,246,173,0.44866615533828735,6,-1,-1
157,-1,902,525,198,105,0.9154107570648193,9,-1,-1
157,-1,1389,990,161,92,0.8385805487632751,4,-1,-1
157,-1,1104,952,172,121,0.8361552357673645,4,-1,-1
157,-1,2266,960,146,61,0.740477442741394,4,-1,-1
157,-1,2510,1199,210,106,0.7132771611213684,4,-1,-1
103,-1,91,463,109,68,0.7196577191352844,6,-1,-1
103,-1,1552,481,119,70,0.6089572906494141,9,-1,-1
103,-1,2217,450,183,105,0.300432026386261,6,-1,-1
103,-1,1552,481,119,72,0.29246917366981506,6,-1,-1
169,-1,745,546,221,114,0.926415205001831,9,-1,-1
169,-1,1842,1092,195,111,0.8957103490829468,4,-1,-1
169,-1,1548,1053,206,146,0.8254950642585754,4,-1,-1
169,-1,1888,904,129,55,0.8164272308349609,4,-1,-1
174,-1,670,556,233,120,0.939588725566864,9,-1,-1
174,-1,2072,1136,214,119,0.9171269536018372,4,-1,-1
174,-1,1743,882,122,47,0.7287543416023254,4,-1,-1
174,-1,1776,1098,224,161,0.5879008173942566,4,-1,-1
174,-1,1776,1098,225,160,0.4207053482532501,6,-1,-1
242,-1,2533,1254,185,122,0.8856685757637024,4,-1,-1
242,-1,1888,898,164,70,0.8428528904914856,4,-1,-1
242,-1,1901,799,134,49,0.8074125051498413,4,-1,-1
242,-1,2359,885,164,56,0.6193860769271851,4,-1,-1
242,-1,0,612,60,36,0.36513784527778625,4,-1,-1
3,-1,237,673,274,108,0.7919986248016357,6,-1,-1
3,-1,0,459,63,63,0.694898247718811,6,-1,-1
3,-1,1286,500,288,132,0.3717400133609772,6,-1,-1
3,-1,1310,497,181,102,0.27087369561195374,6,-1,-1
165,-1,801,539,215,110,0.9088635444641113,9,-1,-1
165,-1,1676,1057,183,103,0.8917838931083679,4,-1,-1
165,-1,2010,924,134,55,0.7574723362922668,4,-1,-1
165,-1,1387,1018,192,135,0.7207525372505188,4,-1,-1
220,-1,1404,991,164,93,0.8999917507171631,4,-1,-1
220,-1,1749,1030,202,96,0.8850475549697876,4,-1,-1
220,-1,2485,883,169,58,0.8381825685501099,4,-1,-1
220,-1,1615,754,185,101,0.6035031676292419,6,-1,-1
205,-1,0,574,297,176,0.9400836229324341,9,-1,-1
205,-1,1163,897,161,76,0.6023329496383667,4,-1,-1
205,-1,1973,807,206,106,0.5278908014297485,6,-1,-1
205,-1,924,895,131,62,0.5044311285018921,4,-1,-1
222,-1,1482,1012,169,93,0.9059670567512512,4,-1,-1
222,-1,1842,1053,211,97,0.898257851600647,4,-1,-1
222,-1,2428,874,163,57,0.8045271039009094,4,-1,-1
250,-1,1616,846,146,64,0.6262286305427551,4,-1,-1
250,-1,1719,773,131,46,0.5386580228805542,4,-1,-1
250,-1,2,398,2128,856,0.3833896517753601,11,-1,-1
111,-1,83,463,112,68,0.6896365880966187,6,-1,-1
111,-1,1491,488,128,71,0.563696026802063,9,-1,-1
111,-1,1492,487,126,73,0.3185124695301056,6,-1,-1
77,-1,301,450,99,58,0.8163756132125854,6,-1,-1
77,-1,1827,461,90,59,0.7169406414031982,6,-1,-1
77,-1,3,473,2387,765,0.5747430324554443,11,-1,-1
77,-1,57,415,83,42,0.4340496361255646,6,-1,-1
77,-1,195,570,70,52,0.3714694678783417,4,-1,-1
77,-1,239,524,51,27,0.3481389582157135,4,-1,-1
181,-1,546,553,259,127,0.9175571203231812,9,-1,-1
181,-1,2433,1192,246,137,0.9041688442230225,4,-1,-1
181,-1,2129,1154,252,181,0.5581786036491394,4,-1,-1
181,-1,2129,1154,254,180,0.448236882686615,6,-1,-1
181,-1,2644,933,75,90,0.38458117842674255,4,-1,-1
209,-1,0,592,181,154,0.9027411341667175,9,-1,-1
209,-1,1305,928,165,81,0.8613354563713074,4,-1,-1
209,-1,1038,908,141,76,0.8463394641876221,4,-1,-1
209,-1,1873,793,200,102,0.5538583397865295,6,-1,-1
183,-1,504,536,267,131,0.9290350079536438,9,-1,-1
183,-1,2542,1196,177,134,0.8094697594642639,4,-1,-1
183,-1,2581,904,137,98,0.7113044261932373,6,-1,-1
183,-1,2237,1157,261,188,0.6190553307533264,4,-1,-1
183,-1,2238,1157,260,188,0.5634697079658508,6,-1,-1
41,-1,1931,1022,177,87,0.8412486910820007,4,-1,-1
41,-1,330,447,100,60,0.755958616733551,6,-1,-1
41,-1,1498,837,127,60,0.6658677458763123,4,-1,-1
41,-1,0,501,30,38,0.5371314883232117,4,-1,-1
41,-1,243,553,52,30,0.37338703870773315,4,-1,-1
41,-1,154,548,56,33,0.35964280366897583,4,-1,-1
41,-1,1979,475,192,71,0.3359094560146332,6,-1,-1
41,-1,1928,451,48,49,0.28955334424972534,6,-1,-1
41,-1,89,416,83,42,0.2881467640399933,6,-1,-1
100,-1,1570,480,129,68,0.6884753704071045,6,-1,-1
100,-1,96,460,108,72,0.6877911686897278,6,-1,-1
84,-1,1752,464,99,63,0.7754917144775391,6,-1,-1
84,-1,231,454,102,60,0.7585939168930054,6,-1,-1
84,-1,176,597,72,55,0.6664471626281738,4,-1,-1
84,-1,103,517,51,32,0.48414120078086853,4,-1,-1
84,-1,4,478,2365,785,0.41270023584365845,11,-1,-1
84,-1,1956,503,88,46,0.30692535638809204,6,-1,-1
84,-1,0,419,64,43,0.29552724957466125,6,-1,-1
84,-1,2209,476,62,59,0.2652515769004822,6,-1,-1
171,-1,714,549,226,117,0.9375470876693726,9,-1,-1
171,-1,1930,1110,201,113,0.9064993262290955,4,-1,-1
171,-1,1634,1071,214,150,0.8522769212722778,4,-1,-1
171,-1,1828,895,125,51,0.7843344807624817,4,-1,-1
55,-1,1924,938,159,73,0.8743104338645935,4,-1,-1
55,-1,2483,1164,235,112,0.8589461445808411,4,-1,-1
55,-1,325,447,97,63,0.6165302991867065,6,-1,-1
55,-1,1901,453,65,54,0.5058722496032715,6,-1,-1
55,-1,82,419,82,43,0.5035039782524109,6,-1,-1
55,-1,2072,469,176,72,0.4265611469745636,6,-1,-1
55,-1,1687,519,113,60,0.393367737531662,6,-1,-1
55,-1,488,563,48,28,0.3553417921066284,4,-1,-1
55,-1,3,468,2461,746,0.3154626190662384,11,-1,-1
55,-1,62,525,59,46,0.313997358083725,4,-1,-1
55,-1,358,583,54,29,0.2629944980144501,4,-1,-1
153,-1,950,520,187,100,0.9009641408920288,9,-1,-1
153,-1,2285,1152,214,100,0.8680697679519653,4,-1,-1
153,-1,1268,961,153,91,0.8074447512626648,4,-1,-1
153,-1,2408,981,154,62,0.7538729906082153,4,-1,-1
153,-1,984,925,162,112,0.6358630657196045,6,-1,-1
153,-1,984,926,162,112,0.4890628755092621,4,-1,-1
80,-1,293,448,98,60,0.7435652017593384,6,-1,-1
80,-1,1813,461,92,62,0.7285612225532532,6,-1,-1
80,-1,3,464,2397,783,0.5871226787567139,11,-1,-1
80,-1,211,580,67,51,0.546466588973999,4,-1,-1
80,-1,48,416,83,42,0.541496217250824,6,-1,-1
80,-1,1963,500,84,51,0.38259705901145935,6,-1,-1
27,-1,1386,910,138,69,0.6375139951705933,4,-1,-1
27,-1,148,446,105,65,0.6185372471809387,6,-1,-1
27,-1,1088,571,161,78,0.515912652015686,6,-1,-1
27,-1,1701,473,218,100,0.5108045935630798,6,-1,-1
140,-1,1132,508,164,88,0.8883954286575317,9,-1,-1
140,-1,1727,1025,168,82,0.8270981311798096,4,-1,-1
140,-1,0,475,47,65,0.6557617783546448,6,-1,-1
191,-1,324,534,302,143,0.9344087839126587,9,-1,-1
191,-1,2342,857,234,105,0.3780885338783264,6,-1,-1
115,-1,81,462,110,69,0.7069352269172668,6,-1,-1
115,-1,1461,490,130,73,0.7066406011581421,9,-1,-1
76,-1,302,449,99,59,0.8032799363136292,6,-1,-1
76,-1,1830,459,89,60,0.7048994302749634,6,-1,-1
76,-1,192,568,65,52,0.5795196294784546,4,-1,-1
76,-1,3,474,2402,769,0.5234817266464233,11,-1,-1
76,-1,60,415,84,43,0.3578554391860962,6,-1,-1
186,-1,441,521,278,137,0.9108057022094727,9,-1,-1
186,-1,2489,874,230,103,0.7266054153442383,6,-1,-1
186,-1,2406,1176,279,194,0.5393630862236023,6,-1,-1
193,-1,274,538,313,149,0.9393248558044434,9,-1,-1
193,-1,2286,848,230,107,0.5215303897857666,6,-1,-1
108,-1,89,468,111,65,0.7247970104217529,6,-1,-1
108,-1,1517,487,122,70,0.6955400705337524,9,-1,-1
25,-1,93,452,109,62,0.6292281150817871,6,-1,-1
25,-1,1296,898,136,68,0.5629671216011047,4,-1,-1
25,-1,1645,439,212,126,0.5582836866378784,6,-1,-1
25,-1,1001,574,172,82,0.5510533452033997,6,-1,-1
13,-1,0,458,60,64,0.6986026167869568,6,-1,-1
13,-1,576,620,218,98,0.6616583466529846,6,-1,-1
13,-1,4,444,2103,715,0.26638635993003845,11,-1,-1
36,-1,1770,982,166,79,0.8277918696403503,4,-1,-1
36,-1,335,446,100,61,0.7196637988090515,6,-1,-1
36,-1,1376,809,112,55,0.46718886494636536,4,-1,-1
36,-1,57,489,38,25,0.45222994685173035,4,-1,-1
36,-1,115,535,55,36,0.37136414647102356,4,-1,-1
36,-1,1938,476,198,85,0.3611609637737274,6,-1,-1
36,-1,207,542,48,27,0.2630353569984436,4,-1,-1
36,-1,1404,553,142,69,0.25148287415504456,6,-1,-1
129,-1,0,469,81,70,0.7675496935844421,6,-1,-1
129,-1,1261,501,149,82,0.6623237729072571,9,-1,-1
129,-1,4,473,2293,834,0.3325427770614624,11,-1,-1
129,-1,1261,501,148,82,0.3319518268108368,6,-1,-1
229,-1,2208,1135,244,113,0.9079055786132812,4,-1,-1
229,-1,1789,1086,191,104,0.9072956442832947,4,-1,-1
229,-1,2412,993,201,86,0.8688724637031555,4,-1,-1
229,-1,2233,849,149,55,0.8292734622955322,4,-1,-1
229,-1,3,401,2099,861,0.3310346305370331,11,-1,-1
40,-1,1898,1013,173,87,0.8706744909286499,4,-1,-1
40,-1,331,447,101,59,0.7345005869865417,6,-1,-1
40,-1,1473,832,122,58,0.6631885170936584,4,-1,-1
40,-1,1473,543,133,69,0.5779953002929688,6,-1,-1
40,-1,1963,474,199,87,0.5407628417015076,6,-1,-1
40,-1,0,498,22,38,0.5026872158050537,4,-1,-1
40,-1,88,415,85,42,0.349836140871048,6,-1,-1
40,-1,1930,449,48,51,0.31563377380371094,6,-1,-1
97,-1,1589,480,118,67,0.6931267976760864,6,-1,-1
97,-1,97,466,110,65,0.682327389717102,6,-1,-1
97,-1,2185,479,121,62,0.4004310667514801,6,-1,-1
97,-1,3,489,2279,802,0.2964479625225067,11,-1,-1
97,-1,1937,501,115,47,0.2504216134548187,6,-1,-1
216,-1,1260,960,154,84,0.885136067867279,4,-1,-1
216,-1,1573,990,188,89,0.8756413459777832,4,-1,-1
216,-1,1706,770,190,96,0.7823159694671631,6,-1,-1
216,-1,2604,898,115,50,0.4970887303352356,4,-1,-1
142,-1,1097,509,168,90,0.8834488987922668,9,-1,-1
142,-1,1798,1042,172,84,0.8599372506141663,4,-1,-1
142,-1,0,478,29,60,0.4565032124519348,6,-1,-1
91,-1,106,464,107,66,0.6625111699104309,6,-1,-1
91,-1,1627,478,107,63,0.598662793636322,6,-1,-1
91,-1,4,503,2305,776,0.3816198408603668,11,-1,-1
63,-1,2229,1005,186,88,0.8797765970230103,4,-1,-1
63,-1,317,448,100,61,0.7213684320449829,6,-1,-1
63,-1,1877,454,71,56,0.46261361241340637,6,-1,-1
63,-1,119,538,62,48,0.46161967515945435,4,-1,-1
63,-1,3,459,2483,759,0.4232997000217438,11,-1,-1
211,-1,1099,923,143,78,0.8719822764396667,4,-1,-1
211,-1,1377,945,171,83,0.8309844136238098,4,-1,-1
211,-1,0,601,113,153,0.8197210431098938,9,-1,-1
211,-1,1824,785,196,104,0.5900958776473999,6,-1,-1
70,-1,2559,1084,159,89,0.8500750064849854,4,-1,-1
70,-1,313,444,99,61,0.6019153594970703,6,-1,-1
70,-1,3,463,2429,753,0.5773659944534302,11,-1,-1
70,-1,162,553,60,47,0.5601612329483032,4,-1,-1
70,-1,69,413,83,44,0.40974631905555725,6,-1,-1
70,-1,1855,453,103,101,0.3821231722831726,6,-1,-1
199,-1,104,555,351,162,0.9028099179267883,9,-1,-1
199,-1,2127,828,216,106,0.5809385776519775,6,-1,-1
155,-1,925,522,196,102,0.9112996459007263,9,-1,-1
155,-1,2393,1175,224,103,0.8814807534217834,4,-1,-1
155,-1,2335,971,149,57,0.7832260131835938,4,-1,-1
155,-1,1326,972,159,95,0.7115941643714905,4,-1,-1
155,-1,1042,938,166,118,0.6984415650367737,4,-1,-1
243,-1,2605,1272,114,104,0.8751972317695618,4,-1,-1
243,-1,1852,889,160,72,0.8293197154998779,4,-1,-1
243,-1,1878,796,135,47,0.8076384663581848,4,-1,-1
243,-1,2334,883,160,52,0.737531840801239,4,-1,-1
243,-1,3,402,2129,855,0.2657557725906372,11,-1,-1
187,-1,421,521,279,141,0.9188544154167175,9,-1,-1
187,-1,2459,869,246,114,0.6471876502037048,6,-1,-1
187,-1,2465,1187,254,199,0.6328356266021729,6,-1,-1
81,-1,285,449,102,60,0.7696309089660645,6,-1,-1
81,-1,1806,463,93,62,0.6650325059890747,6,-1,-1
81,-1,4,475,2393,777,0.647314190864563,11,-1,-1
81,-1,210,585,68,50,0.5853099822998047,4,-1,-1
81,-1,42,415,81,44,0.41252967715263367,6,-1,-1
81,-1,188,516,50,31,0.3999496400356293,4,-1,-1
81,-1,2337,482,70,58,0.39570140838623047,6,-1,-1
81,-1,2233,478,68,57,0.3310115933418274,6,-1,-1
15,-1,0,458,59,64,0.7466129064559937,6,-1,-1
15,-1,634,615,208,90,0.5627106428146362,6,-1,-1
15,-1,1419,437,251,164,0.26023319363594055,6,-1,-1
21,-1,0,452,98,67,0.602515697479248,6,-1,-1
21,-1,828,587,182,87,0.5472772121429443,6,-1,-1
21,-1,1536,438,254,121,0.3504852056503296,6,-1,-1
14,-1,0,458,58,64,0.7614939212799072,6,-1,-1
14,-1,605,617,215,94,0.6931176781654358,6,-1,-1
264,-1,2,406,2099,870,0.4979887306690216,11,-1,-1
264,-1,1802,821,137,50,0.2817681133747101,11,-1,-1
120,-1,1389,493,139,76,0.7244423031806946,9,-1,-1
120,-1,43,464,108,68,0.6637909412384033,6,-1,-1
170,-1,729,547,226,117,0.9197461009025574,9,-1,-1
170,-1,1887,1103,195,109,0.9068778157234192,4,-1,-1
170,-1,1589,1061,212,150,0.8705595135688782,4,-1,-1
170,-1,1858,901,127,52,0.802406370639801,4,-1,-1
161,-1,854,533,203,105,0.9193427562713623,9,-1,-1
161,-1,1527,1021,169,100,0.8643413186073303,4,-1,-1
161,-1,2136,941,139,63,0.8237074017524719,4,-1,-1
161,-1,1239,982,181,129,0.7683637142181396,4,-1,-1
161,-1,1239,982,180,128,0.43838292360305786,6,-1,-1
161,-1,373,606,65,31,0.3013019859790802,4,-1,-1
256,-1,1435,820,136,62,0.4672897458076477,4,-1,-1
256,-1,3,409,2113,854,0.41809308528900146,11,-1,-1
256,-1,1997,841,143,54,0.3739117681980133,4,-1,-1
105,-1,91,466,109,66,0.7225008010864258,6,-1,-1
105,-1,1537,483,121,70,0.5715136528015137,6,-1,-1
198,-1,134,553,345,159,0.9189779162406921,9,-1,-1
198,-1,2154,831,217,104,0.5709850788116455,6,-1,-1
230,-1,2269,1147,248,115,0.9100732803344727,4,-1,-1
230,-1,1838,1096,195,108,0.9092118740081787,4,-1,-1
230,-1,2205,844,148,56,0.8265586495399475,4,-1,-1
230,-1,2365,985,197,83,0.8253061175346375,4,-1,-1
230,-1,3,396,2093,866,0.26971688866615295,11,-1,-1
136,-1,1194,505,157,86,0.816209614276886,9,-1,-1
136,-1,1594,993,158,76,0.8148007392883301,4,-1,-1
136,-1,0,470,79,69,0.6942905187606812,6,-1,-1
255,-1,3,412,2098,847,0.4813710153102875,11,-1,-1
255,-1,1621,759,122,42,0.3917660713195801,4,-1,-1
255,-1,2019,844,146,51,0.3780403435230255,4,-1,-1
255,-1,1461,821,144,65,0.31111404299736023,4,-1,-1
67,-1,2408,1046,203,91,0.8918353915214539,4,-1,-1
67,-1,316,444,102,61,0.7129300236701965,6,-1,-1
67,-1,146,545,61,48,0.5002937316894531,4,-1,-1
67,-1,3,468,2403,744,0.41115885972976685,11,-1,-1
67,-1,2145,462,169,69,0.4013243317604065,6,-1,-1
67,-1,75,413,80,43,0.3757058084011078,6,-1,-1
67,-1,348,533,54,31,0.302555650472641,4,-1,-1
67,-1,1829,452,110,102,0.2606336176395416,6,-1,-1
150,-1,983,516,186,96,0.901523232460022,9,-1,-1
150,-1,2132,1116,200,97,0.8698651194572449,4,-1,-1
150,-1,2518,994,160,68,0.7312299013137817,4,-1,-1
150,-1,1188,943,145,85,0.5345256924629211,4,-1,-1
144,-1,1064,510,173,91,0.8883347511291504,9,-1,-1
144,-1,1867,1058,180,85,0.8483657836914062,4,-1,-1
82,-1,275,446,101,64,0.7390193939208984,6,-1,-1
82,-1,1795,463,93,62,0.7327547073364258,6,-1,-1
82,-1,4,480,2399,770,0.6458084583282471,11,-1,-1
82,-1,208,588,69,51,0.44904625415802,4,-1,-1
82,-1,169,517,49,29,0.42277365922927856,4,-1,-1
82,-1,2337,481,70,60,0.4151736795902252,6,-1,-1
82,-1,2234,476,60,58,0.28331583738327026,6,-1,-1
192,-1,299,535,309,147,0.9365888833999634,9,-1,-1
58,-1,2033,963,166,78,0.8791157007217407,4,-1,-1
58,-1,324,448,96,62,0.7414950728416443,6,-1,-1
58,-1,84,533,59,44,0.5361108779907227,4,-1,-1
58,-1,282,585,58,33,0.5086022615432739,4,-1,-1
58,-1,1894,454,64,56,0.5040437579154968,6,-1,-1
58,-1,1727,518,105,54,0.404550164937973,6,-1,-1
58,-1,3,471,2403,743,0.3610832989215851,11,-1,-1
58,-1,447,556,55,33,0.32773008942604065,4,-1,-1
58,-1,79,419,82,43,0.2898663282394409,6,-1,-1
6,-1,349,656,252,107,0.7699404954910278,6,-1,-1
6,-1,0,458,63,65,0.7269824147224426,6,-1,-1
6,-1,1353,494,169,95,0.4532245397567749,6,-1,-1
204,-1,0,572,324,173,0.9153034687042236,9,-1,-1
204,-1,1144,894,146,73,0.4704728424549103,4,-1,-1
49,-1,2221,1097,212,102,0.8901018500328064,4,-1,-1
49,-1,1722,890,146,69,0.8435563445091248,4,-1,-1
49,-1,327,448,97,61,0.7116249203681946,6,-1,-1
49,-1,2033,472,183,75,0.611136794090271,6,-1,-1
49,-1,307,571,55,29,0.580681324005127,4,-1,-1
49,-1,214,565,55,34,0.5140299201011658,4,-1,-1
49,-1,1908,453,63,53,0.39525339007377625,6,-1,-1
49,-1,24,515,54,42,0.3718547523021698,6,-1,-1
49,-1,86,419,80,42,0.33055898547172546,6,-1,-1
49,-1,25,516,54,41,0.320822536945343,4,-1,-1
49,-1,3,475,2417,738,0.30481693148612976,11,-1,-1
104,-1,91,463,109,68,0.7182344198226929,6,-1,-1
104,-1,1545,483,120,70,0.5256120562553406,6,-1,-1
104,-1,2,486,2270,809,0.30278271436691284,11,-1,-1
104,-1,2226,477,181,72,0.2951114773750305,6,-1,-1
104,-1,1937,499,157,45,0.2931676506996155,6,-1,-1
258,-1,1947,840,143,51,0.3625289797782898,4,-1,-1
258,-1,3,414,2109,857,0.3430846035480499,11,-1,-1
227,-1,2098,1109,233,112,0.9090842008590698,4,-1,-1
227,-1,1696,1063,184,102,0.893348753452301,4,-1,-1
227,-1,2503,1010,208,89,0.8361940979957581,4,-1,-1
227,-1,2287,856,155,57,0.8180603981018066,4,-1,-1
227,-1,3,403,2117,862,0.2668502926826477,11,-1,-1
56,-1,1960,946,162,73,0.8713425397872925,4,-1,-1
56,-1,2532,1175,186,116,0.7689116597175598,4,-1,-1
56,-1,323,447,98,63,0.6286194324493408,6,-1,-1
56,-1,271,579,57,36,0.5139519572257996,4,-1,-1
56,-1,1898,453,65,53,0.49784377217292786,6,-1,-1
56,-1,1700,519,110,57,0.38253873586654663,6,-1,-1
56,-1,72,528,57,45,0.3755452036857605,6,-1,-1
56,-1,82,419,82,42,0.37534549832344055,6,-1,-1
56,-1,72,528,56,45,0.34596922993659973,4,-1,-1
56,-1,2077,471,176,73,0.3173944354057312,6,-1,-1
56,-1,368,588,58,28,0.29611170291900635,4,-1,-1
56,-1,5,443,2460,771,0.29150843620300293,11,-1,-1
162,-1,842,535,206,105,0.9081711769104004,9,-1,-1
162,-1,1561,1031,175,98,0.8770979046821594,4,-1,-1
162,-1,2105,937,137,58,0.811431884765625,4,-1,-1
162,-1,1278,991,180,132,0.747978150844574,4,-1,-1
162,-1,364,606,76,39,0.2882627546787262,4,-1,-1
127,-1,0,468,82,70,0.47324973344802856,6,-1,-1
127,-1,1284,497,142,82,0.43173089623451233,9,-1,-1
127,-1,1284,497,142,82,0.31385377049446106,6,-1,-1
122,-1,1338,493,139,78,0.5199428796768188,9,-1,-1
122,-1,0,465,97,70,0.4113211929798126,6,-1,-1
163,-1,1599,1040,178,99,0.8921762704849243,4,-1,-1
163,-1,1311,999,187,134,0.8308864235877991,4,-1,-1
163,-1,831,537,206,106,0.7834295034408569,9,-1,-1
163,-1,2072,934,135,56,0.739464282989502,4,-1,-1
59,-1,2070,972,171,78,0.8840904235839844,4,-1,-1
59,-1,323,448,97,62,0.6936801075935364,6,-1,-1
59,-1,92,534,58,45,0.5693888068199158,4,-1,-1
59,-1,7,442,2625,771,0.41165077686309814,11,-1,-1
59,-1,1891,455,66,53,0.38265272974967957,6,-1,-1
59,-1,434,554,55,33,0.3503664433956146,4,-1,-1
59,-1,1738,517,106,55,0.35008692741394043,6,-1,-1
59,-1,2098,469,175,70,0.30603545904159546,6,-1,-1
59,-1,79,419,83,43,0.28251388669013977,6,-1,-1
221,-1,1796,1042,205,97,0.9155063629150391,4,-1,-1
221,-1,1443,1003,166,97,0.8951895236968994,4,-1,-1
221,-1,2457,878,167,60,0.8036428689956665,4,-1,-1
221,-1,1594,753,181,95,0.32968103885650635,6,-1,-1
200,-1,73,557,356,167,0.9126755595207214,9,-1,-1
200,-1,2102,823,215,114,0.6429574489593506,6,-1,-1
116,-1,80,463,110,68,0.7174654603004456,6,-1,-1
116,-1,1453,490,130,73,0.38876667618751526,9,-1,-1
253,-1,1522,830,142,66,0.8095800876617432,4,-1,-1
253,-1,2068,849,148,52,0.5560367703437805,4,-1,-1
253,-1,1658,758,129,49,0.546745240688324,4,-1,-1
253,-1,3,402,2110,854,0.5150046348571777,11,-1,-1
261,-1,3,410,2070,863,0.42661017179489136,11,-1,-1
261,-1,1874,828,141,57,0.3691844642162323,4,-1,-1
244,-1,1817,882,157,71,0.819398045539856,4,-1,-1
244,-1,1855,792,132,48,0.8003517985343933,4,-1,-1
244,-1,2306,878,158,52,0.6919937133789062,4,-1,-1
244,-1,2674,1290,44,91,0.41925063729286194,4,-1,-1
244,-1,3,397,2121,861,0.37733763456344604,11,-1,-1
235,-1,2095,1158,224,114,0.9031230807304382,4,-1,-1
235,-1,2073,825,143,53,0.8528955578804016,4,-1,-1
235,-1,2583,1216,136,102,0.8452227115631104,4,-1,-1
235,-1,2153,945,183,83,0.8283169269561768,4,-1,-1
235,-1,2563,912,155,40,0.595435619354248,4,-1,-1
235,-1,3,408,2100,853,0.31588640809059143,11,-1,-1
146,-1,1030,512,178,92,0.8880354166030884,9,-1,-1
146,-1,1945,1076,187,88,0.8062742352485657,4,-1,-1
146,-1,2671,1021,47,44,0.3031397759914398,4,-1,-1
72,-1,312,447,96,61,0.6512283682823181,6,-1,-1
72,-1,3,465,2386,756,0.5488340258598328,11,-1,-1
72,-1,172,559,62,49,0.5267200469970703,4,-1,-1
72,-1,2673,1115,45,69,0.431751012802124,4,-1,-1
72,-1,295,527,52,34,0.32452213764190674,4,-1,-1
72,-1,1839,456,88,58,0.3210960626602173,6,-1,-1
72,-1,65,415,85,42,0.3005342483520508,6,-1,-1
73,-1,311,448,96,60,0.6935686469078064,6,-1,-1
73,-1,3,468,2366,760,0.6638094782829285,11,-1,-1
73,-1,1838,457,89,56,0.475380539894104,6,-1,-1
73,-1,177,561,65,49,0.4287249743938446,4,-1,-1
73,-1,177,561,66,50,0.3609946668148041,6,-1,-1
73,-1,64,415,84,42,0.3090481758117676,6,-1,-1
73,-1,2184,474,63,60,0.25243139266967773,6,-1,-1
152,-1,963,519,188,97,0.8786574602127075,9,-1,-1
152,-1,2234,1141,207,96,0.8609325289726257,4,-1,-1
152,-1,1243,957,148,87,0.8121097683906555,4,-1,-1
152,-1,2443,987,156,65,0.7872932553291321,4,-1,-1
152,-1,953,922,162,107,0.6093870997428894,6,-1,-1
172,-1,696,551,232,118,0.920610785484314,9,-1,-1
172,-1,1975,1118,205,114,0.9052891135215759,4,-1,-1
172,-1,1681,1080,216,157,0.8129887580871582,4,-1,-1
172,-1,1797,890,125,52,0.7674707770347595,4,-1,-1
106,-1,88,466,113,66,0.6998883485794067,6,-1,-1
106,-1,1530,486,120,68,0.42690664529800415,6,-1,-1
106,-1,2,497,2259,798,0.3621334433555603,11,-1,-1
106,-1,1530,486,121,68,0.36162206530570984,9,-1,-1
252,-1,1554,835,142,65,0.8135191202163696,4,-1,-1
252,-1,2095,852,148,51,0.6983493566513062,4,-1,-1
252,-1,1681,764,122,46,0.60133296251297,4,-1,-1
79,-1,296,449,100,60,0.7900441288948059,6,-1,-1
79,-1,1819,461,92,61,0.6915687322616577,6,-1,-1
79,-1,3,476,2398,772,0.6266221404075623,11,-1,-1
79,-1,206,576,67,53,0.5839243531227112,4,-1,-1
79,-1,52,415,84,43,0.3012951910495758,6,-1,-1
79,-1,1958,500,82,50,0.2967143654823303,6,-1,-1
185,-1,464,523,272,135,0.9159955978393555,9,-1,-1
185,-1,2518,881,201,102,0.6512290239334106,6,-1,-1
185,-1,2662,1205,56,92,0.5717574954032898,4,-1,-1
185,-1,2347,1166,274,194,0.5271427631378174,4,-1,-1
185,-1,2348,1165,274,196,0.3621287941932678,6,-1,-1
109,-1,1509,487,124,70,0.7141990065574646,9,-1,-1
109,-1,87,466,108,67,0.7087294459342957,6,-1,-1
109,-1,4,484,2361,817,0.319305419921875,11,-1,-1
46,-1,2106,1068,197,96,0.8970335125923157,4,-1,-1
46,-1,1635,866,137,68,0.8414920568466187,4,-1,-1
46,-1,329,448,96,61,0.7074851989746094,6,-1,-1
46,-1,2016,471,177,74,0.605597734451294,6,-1,-1
46,-1,193,558,57,36,0.49898579716682434,4,-1,-1
46,-1,0,508,60,42,0.48993366956710815,4,-1,-1
46,-1,285,562,49,31,0.4646081030368805,4,-1,-1
46,-1,1918,452,53,51,0.412783682346344,6,-1,-1
46,-1,86,418,83,42,0.3113783895969391,6,-1,-1
46,-1,3,473,2485,740,0.26983487606048584,11,-1,-1
46,-1,1564,534,122,62,0.26540830731391907,6,-1,-1
121,-1,1362,494,141,76,0.7487584948539734,9,-1,-1
121,-1,13,466,110,69,0.6845171451568604,6,-1,-1
69,-1,2507,1070,210,97,0.9045735597610474,4,-1,-1
69,-1,316,444,96,62,0.6291006207466125,6,-1,-1
69,-1,155,550,63,48,0.5703698992729187,4,-1,-1
69,-1,3,462,2432,753,0.5127938389778137,11,-1,-1
69,-1,1850,451,94,103,0.48764553666114807,6,-1,-1
69,-1,71,412,82,45,0.40040770173072815,6,-1,-1
69,-1,327,532,53,32,0.397673636674881,4,-1,-1
9,-1,0,458,62,65,0.7624561786651611,6,-1,-1
9,-1,452,638,237,101,0.5691423416137695,6,-1,-1
9,-1,1382,483,166,100,0.40874266624450684,6,-1,-1
9,-1,2,430,2113,732,0.3299012780189514,11,-1,-1
210,-1,0,596,147,152,0.8673354387283325,9,-1,-1
210,-1,1067,916,142,76,0.8484323620796204,4,-1,-1
210,-1,1342,937,165,81,0.8461138010025024,4,-1,-1
210,-1,1851,790,195,99,0.6543543934822083,6,-1,-1
148,-1,1010,513,178,95,0.8966209292411804,9,-1,-1
148,-1,2038,1093,190,93,0.8529264330863953,4,-1,-1
148,-1,2594,1002,124,52,0.588860034942627,4,-1,-1
148,-1,1130,933,146,77,0.28641456365585327,4,-1,-1
148,-1,889,948,109,49,0.2562786340713501,4,-1,-1
188,-1,398,525,287,141,0.935681164264679,9,-1,-1
188,-1,2430,865,243,113,0.6807507276535034,6,-1,-1
188,-1,2527,1200,192,167,0.6446776986122131,9,-1,-1
263,-1,3,408,2083,867,0.35491740703582764,11,-1,-1
240,-1,2400,1225,248,128,0.9210368990898132,4,-1,-1
240,-1,1962,910,166,76,0.8451096415519714,4,-1,-1
240,-1,1948,805,136,53,0.7783832550048828,4,-1,-1
240,-1,2416,894,165,59,0.7758908271789551,4,-1,-1
240,-1,3,407,2117,852,0.3512765169143677,11,-1,-1
240,-1,0,608,44,37,0.27552494406700134,4,-1,-1
64,-1,2272,1012,191,85,0.8879092335700989,4,-1,-1
64,-1,319,445,100,62,0.6001890301704407,6,-1,-1
64,-1,2127,461,170,72,0.5378777980804443,6,-1,-1
64,-1,124,539,62,47,0.475803941488266,4,-1,-1
64,-1,1875,452,70,55,0.43287724256515503,6,-1,-1
64,-1,3,472,2356,742,0.4097389280796051,11,-1,-1
64,-1,77,414,81,43,0.2970748841762543,6,-1,-1
134,-1,1216,504,154,86,0.8243237137794495,9,-1,-1
134,-1,1524,976,153,76,0.8067132830619812,4,-1,-1
134,-1,0,470,79,68,0.7301003336906433,6,-1,-1
206,-1,0,580,269,174,0.9260856509208679,9,-1,-1
206,-1,1200,907,159,76,0.6962687969207764,4,-1,-1
206,-1,952,893,132,69,0.6047953963279724,4,-1,-1
206,-1,1950,803,202,105,0.5524083375930786,6,-1,-1
54,-1,2438,1152,231,114,0.8926846981048584,4,-1,-1
54,-1,1890,930,155,74,0.8694261908531189,4,-1,-1
54,-1,325,447,97,63,0.6228893399238586,6,-1,-1
54,-1,2063,469,179,79,0.5729705691337585,6,-1,-1
54,-1,57,524,58,44,0.5588271617889404,4,-1,-1
54,-1,1903,453,64,53,0.5316636562347412,6,-1,-1
54,-1,252,577,59,36,0.4516354501247406,4,-1,-1
54,-1,81,419,83,43,0.39457541704177856,6,-1,-1
54,-1,350,583,55,28,0.38286450505256653,4,-1,-1
54,-1,3,458,2460,756,0.34960299730300903,11,-1,-1
54,-1,491,564,57,33,0.32576724886894226,4,-1,-1
54,-1,1671,523,112,58,0.29701414704322815,6,-1,-1
223,-1,1891,1064,216,101,0.8999403119087219,4,-1,-1
223,-1,1521,1023,173,96,0.8997998237609863,4,-1,-1
223,-1,2398,871,162,55,0.8237962126731873,4,-1,-1
223,-1,2698,1053,20,52,0.4862343370914459,4,-1,-1
223,-1,1552,748,178,88,0.25536543130874634,6,-1,-1
89,-1,108,459,109,71,0.6325107216835022,6,-1,-1
89,-1,1637,476,106,65,0.6149148941040039,6,-1,-1
89,-1,3,488,2297,789,0.31948018074035645,11,-1,-1
89,-1,94,632,83,56,0.3132619857788086,4,-1,-1
202,-1,7,564,374,169,0.9134884476661682,9,-1,-1
202,-1,2049,818,211,103,0.3995684087276459,6,-1,-1
241,-1,2465,1240,253,131,0.9049221873283386,4,-1,-1
241,-1,1923,901,165,73,0.8350238800048828,4,-1,-1
241,-1,1923,802,136,52,0.8000248670578003,4,-1,-1
241,-1,2385,891,166,59,0.6345610022544861,4,-1,-1
241,-1,0,617,51,31,0.25309693813323975,4,-1,-1
85,-1,201,456,105,63,0.706231415271759,6,-1,-1
85,-1,1723,469,102,62,0.5791953802108765,6,-1,-1
85,-1,6,483,2361,785,0.5467076897621155,11,-1,-1
85,-1,66,521,50,30,0.4166716933250427,4,-1,-1
85,-1,154,606,75,53,0.26811251044273376,4,-1,-1
53,-1,2390,1140,230,110,0.9034082293510437,4,-1,-1
53,-1,1856,922,151,72,0.8365742564201355,4,-1,-1
53,-1,326,448,96,61,0.6572198867797852,6,-1,-1
53,-1,2062,470,174,73,0.6085268259048462,6,-1,-1
53,-1,49,522,58,43,0.5509992837905884,4,-1,-1
53,-1,1904,453,63,56,0.42748215794563293,6,-1,-1
53,-1,244,573,61,38,0.38798850774765015,4,-1,-1
53,-1,344,578,48,30,0.3532671630382538,4,-1,-1
53,-1,82,419,81,42,0.32022374868392944,6,-1,-1
53,-1,5,456,2556,757,0.2927260100841522,11,-1,-1
53,-1,1662,523,115,59,0.28723058104515076,6,-1,-1
31,-1,253,448,101,61,0.7063658833503723,6,-1,-1
31,-1,1567,941,149,72,0.6454412341117859,4,-1,-1
31,-1,1830,449,200,110,0.32574549317359924,6,-1,-1
31,-1,81,538,49,26,0.32273003458976746,4,-1,-1
31,-1,1250,564,150,71,0.30123013257980347,6,-1,-1
31,-1,0,499,38,24,0.2571694254875183,4,-1,-1
7,-1,386,653,245,104,0.7921748757362366,6,-1,-1
7,-1,0,458,63,64,0.7115115523338318,6,-1,-1
7,-1,2524,1185,194,222,0.5268598794937134,6,-1,-1
219,-1,1703,1022,199,93,0.8977235555648804,4,-1,-1
219,-1,1366,984,162,96,0.8952346444129944,4,-1,-1
219,-1,2513,887,172,61,0.7928749918937683,4,-1,-1
219,-1,1638,759,184,95,0.5135143399238586,6,-1,-1
93,-1,102,465,110,66,0.7386874556541443,6,-1,-1
93,-1,1615,477,109,66,0.38831740617752075,6,-1,-1
93,-1,5,494,2290,787,0.33609288930892944,11,-1,-1
93,-1,1938,507,82,42,0.3128954768180847,6,-1,-1
93,-1,2166,479,129,64,0.2918177545070648,6,-1,-1
35,-1,1740,974,162,78,0.8280020356178284,4,-1,-1
35,-1,333,445,101,61,0.6604119539260864,6,-1,-1
35,-1,1906,452,224,125,0.5627374053001404,6,-1,-1
35,-1,1384,555,145,70,0.4289679527282715,6,-1,-1
35,-1,59,491,43,25,0.37755072116851807,4,-1,-1
35,-1,108,533,53,35,0.30745548009872437,4,-1,-1
35,-1,3,455,2450,761,0.26473259925842285,11,-1,-1
149,-1,998,515,181,95,0.9028109908103943,9,-1,-1
149,-1,2085,1107,195,88,0.8400444388389587,4,-1,-1
149,-1,1154,936,151,85,0.7124979496002197,4,-1,-1
149,-1,2556,1000,162,66,0.7006150484085083,4,-1,-1
149,-1,891,944,137,56,0.29685625433921814,4,-1,-1
143,-1,1082,509,170,91,0.8690639734268188,9,-1,-1
143,-1,1831,1049,176,86,0.8035763502120972,4,-1,-1
143,-1,0,479,21,56,0.2799887955188751,6,-1,-1
246,-1,1748,869,156,68,0.8009577393531799,4,-1,-1
246,-1,1809,784,130,49,0.7798661589622498,4,-1,-1
246,-1,2252,870,156,52,0.7588675022125244,4,-1,-1
246,-1,3,404,2125,848,0.4638810455799103,11,-1,-1
225,-1,1992,1086,222,105,0.9005451798439026,4,-1,-1
225,-1,1604,1043,182,97,0.8981819748878479,4,-1,-1
225,-1,2343,863,158,57,0.8259633183479309,4,-1,-1
225,-1,2594,1027,124,81,0.514146089553833,4,-1,-1
98,-1,97,463,108,68,0.6670494079589844,6,-1,-1
98,-1,1582,480,121,67,0.6564369797706604,6,-1,-1
98,-1,2194,478,116,64,0.3508719801902771,6,-1,-1
30,-1,1521,932,146,73,0.7437072992324829,4,-1,-1
30,-1,228,447,103,62,0.7394260764122009,6,-1,-1
30,-1,1801,471,200,90,0.4617810845375061,6,-1,-1
30,-1,44,537,51,27,0.3127247095108032,4,-1,-1
30,-1,1216,567,149,71,0.25719746947288513,6,-1,-1
83,-1,257,445,100,66,0.7805415987968445,6,-1,-1
83,-1,1777,464,94,62,0.7395550608634949,6,-1,-1
83,-1,5,477,2377,775,0.4593639075756073,11,-1,-1
83,-1,191,593,74,58,0.35289597511291504,4,-1,-1
83,-1,191,592,74,60,0.3527350425720215,6,-1,-1
83,-1,1970,503,82,45,0.30379432439804077,6,-1,-1
83,-1,2226,477,59,59,0.2778237760066986,6,-1,-1
107,-1,88,467,112,66,0.7000516057014465,6,-1,-1
107,-1,1520,486,127,70,0.571280837059021,9,-1,-1
107,-1,1520,486,126,71,0.35373684763908386,6,-1,-1
107,-1,4,496,2341,801,0.2928687632083893,11,-1,-1
189,-1,373,527,290,143,0.9226412177085876,9,-1,-1
189,-1,2589,1212,130,159,0.7147435545921326,6,-1,-1
189,-1,2398,863,242,109,0.5697762370109558,6,-1,-1
201,-1,41,562,364,169,0.9193651080131531,9,-1,-1
201,-1,2074,822,212,99,0.4106300175189972,6,-1,-1
132,-1,1234,503,152,84,0.8615819811820984,9,-1,-1
132,-1,1453,962,151,73,0.7659062147140503,4,-1,-1
132,-1,0,471,80,68,0.7413488030433655,6,-1,-1
212,-1,1418,954,169,86,0.851077675819397,4,-1,-1
212,-1,1129,932,146,76,0.849257230758667,4,-1,-1
212,-1,0,605,81,139,0.6450019478797913,9,-1,-1
212,-1,1800,784,196,100,0.5614407062530518,6,-1,-1
102,-1,92,462,109,69,0.6683294177055359,6,-1,-1
102,-1,1559,481,118,69,0.6514796018600464,9,-1,-1
114,-1,83,461,109,71,0.6870267987251282,6,-1,-1
114,-1,1469,490,131,72,0.5765852928161621,9,-1,-1
43,-1,1998,1039,184,91,0.8800129294395447,4,-1,-1
43,-1,1552,851,127,60,0.7955595850944519,4,-1,-1
43,-1,330,447,97,61,0.7660412788391113,6,-1,-1
43,-1,168,552,54,33,0.5408238768577576,4,-1,-1
43,-1,257,558,53,27,0.5012032985687256,4,-1,-1
43,-1,0,507,40,35,0.4596351087093353,4,-1,-1
43,-1,88,417,83,41,0.3233431577682495,6,-1,-1
43,-1,1521,540,124,63,0.30803775787353516,6,-1,-1
43,-1,1995,475,185,81,0.2844591438770294,6,-1,-1
164,-1,816,538,210,108,0.915393054485321,9,-1,-1
164,-1,1637,1049,181,100,0.8936479687690735,4,-1,-1
164,-1,1350,1009,187,135,0.7997431755065918,4,-1,-1
164,-1,2042,929,132,56,0.7723724246025085,4,-1,-1
95,-1,99,464,109,68,0.6800726056098938,6,-1,-1
95,-1,1603,480,112,64,0.47334030270576477,6,-1,-1
95,-1,5,482,2303,804,0.3358973562717438,11,-1,-1
95,-1,2178,479,117,66,0.28174901008605957,6,-1,-1
95,-1,1929,504,106,44,0.2737491726875305,6,-1,-1
112,-1,1485,488,127,73,0.8045842051506042,9,-1,-1
112,-1,83,464,111,68,0.6861283779144287,6,-1,-1
138,-1,1661,1011,163,75,0.8267471194267273,4,-1,-1
138,-1,1166,506,159,88,0.8207366466522217,9,-1,-1
138,-1,0,471,64,69,0.6744706630706787,6,-1,-1
248,-1,1680,856,152,67,0.7930391430854797,4,-1,-1
248,-1,2196,862,157,58,0.7748826146125793,4,-1,-1
248,-1,1763,777,130,48,0.7636111974716187,4,-1,-1
5,-1,0,458,63,65,0.743044912815094,6,-1,-1
5,-1,318,661,254,107,0.6411551833152771,6,-1,-1
5,-1,1338,494,180,99,0.5829529762268066,6,-1,-1
5,-1,1483,503,108,94,0.3570743203163147,6,-1,-1
5,-1,2472,1153,246,265,0.32631272077560425,6,-1,-1
34,-1,1707,968,160,76,0.832526445388794,4,-1,-1
34,-1,327,447,98,60,0.702399492263794,6,-1,-1
34,-1,1919,477,199,81,0.5158321261405945,6,-1,-1
34,-1,57,494,43,24,0.3425457775592804,4,-1,-1
34,-1,83,414,84,43,0.27653348445892334,6,-1,-1
34,-1,3,447,2471,764,0.26321303844451904,11,-1,-1
99,-1,96,462,109,70,0.6711944937705994,6,-1,-1
99,-1,1576,480,124,67,0.6504031419754028,6,-1,-1
257,-1,1971,841,145,55,0.5254408717155457,4,-1,-1
257,-1,4,401,2134,862,0.31923535466194153,11,-1,-1
257,-1,1408,816,131,62,0.2974107563495636,4,-1,-1
23,-1,38,452,109,65,0.766421914100647,6,-1,-1
23,-1,914,582,177,82,0.6213221549987793,6,-1,-1
23,-1,1587,439,213,131,0.3491497039794922,6,-1,-1
16,-1,664,610,203,91,0.6678144335746765,6,-1,-1
16,-1,0,457,56,64,0.6589457988739014,6,-1,-1
16,-1,1451,437,224,139,0.32737109065055847,6,-1,-1
19,-1,0,458,63,64,0.7105182409286499,6,-1,-1
19,-1,749,597,190,84,0.5030063986778259,6,-1,-1
137,-1,1182,507,158,86,0.8647152781486511,9,-1,-1
137,-1,1628,1004,162,72,0.8018235564231873,4,-1,-1
137,-1,0,471,71,68,0.672588586807251,6,-1,-1
61,-1,2148,989,178,83,0.8899244070053101,4,-1,-1
61,-1,319,447,101,62,0.6739848852157593,6,-1,-1
61,-1,105,537,59,48,0.5503860116004944,4,-1,-1
61,-1,77,417,84,45,0.46264633536338806,6,-1,-1
61,-1,1883,455,68,55,0.40867888927459717,6,-1,-1
61,-1,5,437,2401,782,0.27131521701812744,11,-1,-1
61,-1,2110,467,172,74,0.25559163093566895,6,-1,-1
96,-1,99,463,109,68,0.7095713019371033,6,-1,-1
96,-1,2182,478,118,63,0.3653929829597473,6,-1,-1
96,-1,1599,479,113,66,0.3554706871509552,6,-1,-1
96,-1,1936,505,107,42,0.3089909553527832,6,-1,-1
96,-1,6,493,2289,794,0.2772161066532135,11,-1,-1
156,-1,915,525,192,101,0.9073137044906616,9,-1,-1
156,-1,1072,944,169,121,0.8898264169692993,4,-1,-1
156,-1,1357,983,160,92,0.8680106997489929,4,-1,-1
156,-1,2448,1187,232,106,0.8607775568962097,4,-1,-1
156,-1,2302,967,146,58,0.8104239702224731,4,-1,-1
24,-1,959,580,176,79,0.6567025184631348,6,-1,-1
24,-1,66,452,109,62,0.6506173014640808,6,-1,-1
24,-1,1622,439,206,123,0.4942796528339386,6,-1,-1
159,-1,877,529,200,105,0.914342999458313,9,-1,-1
159,-1,1456,1006,166,94,0.870694100856781,4,-1,-1
159,-1,1170,966,176,126,0.7916139364242554,4,-1,-1
159,-1,2196,951,146,58,0.7892934679985046,4,-1,-1
159,-1,2632,1223,86,87,0.4396653473377228,4,-1,-1
159,-1,368,606,71,36,0.2652404308319092,4,-1,-1
33,-1,1661,958,157,76,0.774857223033905,4,-1,-1
33,-1,304,448,99,60,0.7039800882339478,6,-1,-1
33,-1,1890,449,200,109,0.630150318145752,6,-1,-1
33,-1,1328,559,145,69,0.45299291610717773,6,-1,-1
33,-1,36,495,44,23,0.3208605647087097,4,-1,-1
173,-1,682,552,234,119,0.9350860118865967,9,-1,-1
173,-1,2022,1126,209,116,0.892516553401947,4,-1,-1
173,-1,1725,1090,223,153,0.7876306176185608,4,-1,-1
173,-1,1770,886,124,50,0.7410759329795837,4,-1,-1
233,-1,2450,1188,268,120,0.9035746455192566,4,-1,-1
233,-1,1988,1130,212,116,0.8971885442733765,4,-1,-1
233,-1,2237,962,185,79,0.8354688882827759,4,-1,-1
233,-1,2124,831,147,54,0.8218215107917786,4,-1,-1
233,-1,3,405,2098,857,0.3765913248062134,11,-1,-1
145,-1,1044,510,179,93,0.8925940990447998,9,-1,-1
145,-1,1903,1064,184,89,0.7999426126480103,4,-1,-1
10,-1,0,458,61,64,0.749125599861145,6,-1,-1
10,-1,486,634,229,100,0.7263355851173401,6,-1,-1
141,-1,1116,508,165,90,0.8943083882331848,9,-1,-1
141,-1,1760,1034,172,83,0.8580678701400757,4,-1,-1
141,-1,0,476,37,63,0.3645581305027008,6,-1,-1
141,-1,405,603,64,35,0.26653268933296204,4,-1,-1
254,-1,3,407,2118,851,0.5000326633453369,11,-1,-1
254,-1,1494,826,136,64,0.34462541341781616,4,-1,-1
176,-1,638,558,242,123,0.9267259836196899,9,-1,-1
176,-1,2172,1155,222,120,0.9046294689178467,4,-1,-1
176,-1,1872,1116,235,164,0.6170807480812073,4,-1,-1
176,-1,1690,870,117,49,0.5726413130760193,4,-1,-1
176,-1,1873,1117,234,163,0.3767760396003723,6,-1,-1
184,-1,486,529,268,133,0.923993706703186,9,-1,-1
184,-1,2551,891,168,104,0.7852535843849182,6,-1,-1
184,-1,2601,1198,118,119,0.775615930557251,4,-1,-1
184,-1,2291,1159,268,192,0.5176106691360474,4,-1,-1
184,-1,2292,1159,266,192,0.4321708083152771,6,-1,-1
117,-1,1446,490,132,75,0.8130505084991455,9,-1,-1
117,-1,82,465,105,65,0.6795603036880493,6,-1,-1
28,-1,1428,916,142,72,0.7302014231681824,4,-1,-1
28,-1,172,448,108,62,0.696878969669342,6,-1,-1
28,-1,1738,450,206,117,0.560181200504303,6,-1,-1
28,-1,1131,570,157,72,0.45656660199165344,6,-1,-1
208,-1,0,589,209,157,0.9232242703437805,9,-1,-1
208,-1,1272,922,160,80,0.8544908165931702,4,-1,-1
208,-1,1005,902,142,74,0.8389694690704346,4,-1,-1
208,-1,1901,797,198,99,0.6725526452064514,6,-1,-1
26,-1,122,452,107,61,0.7339671850204468,6,-1,-1
26,-1,1338,903,138,71,0.6783945560455322,4,-1,-1
26,-1,1679,474,206,84,0.5733837485313416,6,-1,-1
26,-1,1046,575,166,77,0.5376113653182983,6,-1,-1
178,-1,601,559,249,127,0.9104557633399963,9,-1,-1
178,-1,2273,1174,230,127,0.9100192785263062,4,-1,-1
178,-1,1974,1137,239,166,0.6834970712661743,4,-1,-1
101,-1,93,463,110,68,0.6906389594078064,6,-1,-1
101,-1,1565,481,126,68,0.5673575401306152,6,-1,-1
110,-1,85,461,110,71,0.695415198802948,6,-1,-1
110,-1,1501,487,125,71,0.6001931428909302,9,-1,-1
110,-1,1499,486,127,72,0.33221009373664856,6,-1,-1
168,-1,759,545,221,112,0.9189343452453613,9,-1,-1
168,-1,1800,1085,191,110,0.9154617190361023,4,-1,-1
168,-1,1919,910,129,52,0.7901853919029236,4,-1,-1
168,-1,1504,1044,206,143,0.7623369693756104,4,-1,-1
37,-1,1800,989,169,82,0.8569040894508362,4,-1,-1
37,-1,333,445,100,62,0.6768285036087036,6,-1,-1
37,-1,1398,814,115,55,0.5342394709587097,4,-1,-1
37,-1,1949,477,195,74,0.5173577666282654,6,-1,-1
37,-1,5,462,2544,751,0.3212141990661621,11,-1,-1
37,-1,1422,551,138,67,0.29786691069602966,6,-1,-1
231,-1,1886,1107,202,108,0.9054310917854309,4,-1,-1
231,-1,2326,1160,255,118,0.8957116007804871,4,-1,-1
231,-1,2177,839,149,58,0.82881760597229,4,-1,-1
231,-1,2323,978,190,80,0.8277669548988342,4,-1,-1
231,-1,2689,936,29,25,0.46057912707328796,4,-1,-1
231,-1,3,391,2129,874,0.30580219626426697,11,-1,-1
113,-1,82,462,109,69,0.6482312679290771,6,-1,-1
113,-1,1479,490,125,70,0.4138898253440857,9,-1,-1
39,-1,1864,1005,173,85,0.8566396832466125,4,-1,-1
39,-1,331,446,102,60,0.74147629737854,6,-1,-1
39,-1,1447,826,121,56,0.6149196028709412,4,-1,-1
39,-1,1961,475,196,83,0.6107933521270752,6,-1,-1
39,-1,1930,450,50,51,0.34018927812576294,6,-1,-1
39,-1,91,415,82,42,0.33468201756477356,6,-1,-1
39,-1,1453,547,138,67,0.3050042986869812,6,-1,-1
39,-1,35,489,44,23,0.27720004320144653,4,-1,-1
39,-1,2,494,2481,715,0.26186037063598633,11,-1,-1
224,-1,1940,1076,219,100,0.9001607298851013,4,-1,-1
224,-1,1563,1031,177,98,0.8920391798019409,4,-1,-1
224,-1,2373,867,157,57,0.8282511234283447,4,-1,-1
224,-1,2647,1042,71,69,0.7801717519760132,4,-1,-1
42,-1,1965,1030,178,93,0.8494929671287537,4,-1,-1
42,-1,331,447,98,61,0.7522563338279724,6,-1,-1
42,-1,1524,843,126,60,0.7311285138130188,4,-1,-1
42,-1,1981,474,195,78,0.6514952182769775,6,-1,-1
42,-1,0,500,35,39,0.41991111636161804,4,-1,-1
42,-1,1924,449,49,50,0.2999497950077057,6,-1,-1
238,-1,2273,1196,237,123,0.920625627040863,4,-1,-1
238,-1,2036,922,171,78,0.8228166103363037,4,-1,-1
238,-1,1995,814,141,53,0.8050404191017151,4,-1,-1
238,-1,2473,902,168,52,0.6917593479156494,4,-1,-1
238,-1,3,414,2130,845,0.37445712089538574,11,-1,-1
78,-1,301,449,99,60,0.7578665018081665,6,-1,-1
78,-1,1824,460,91,60,0.746334433555603,6,-1,-1
78,-1,201,573,68,52,0.6282419562339783,4,-1,-1
78,-1,3,476,2386,771,0.617056131362915,11,-1,-1
78,-1,1952,500,78,52,0.4547407329082489,6,-1,-1
78,-1,227,520,51,31,0.4522526264190674,4,-1,-1
78,-1,56,415,83,43,0.44714251160621643,6,-1,-1
78,-1,2215,472,175,64,0.3043535351753235,6,-1,-1
119,-1,1416,492,134,76,0.8295267820358276,9,-1,-1
119,-1,63,463,109,67,0.6536148190498352,6,-1,-1
119,-1,4,491,2404,815,0.3292674422264099,11,-1,-1
195,-1,219,545,327,152,0.9209062457084656,9,-1,-1
57,-1,1997,955,162,76,0.870532214641571,4,-1,-1
57,-1,324,447,97,63,0.7185395956039429,6,-1,-1
57,-1,77,530,60,45,0.5442571640014648,4,-1,-1
57,-1,1896,454,66,53,0.4728693664073944,6,-1,-1
57,-1,2579,1187,139,101,0.4244934916496277,4,-1,-1
57,-1,1714,520,103,55,0.3029804527759552,6,-1,-1
57,-1,6,439,2558,771,0.29759472608566284,11,-1,-1
57,-1,81,419,82,43,0.2676924169063568,6,-1,-1
65,-1,2317,1023,193,87,0.8950526714324951,4,-1,-1
65,-1,318,444,100,61,0.6746518015861511,6,-1,-1
65,-1,3,474,2359,740,0.5711455941200256,11,-1,-1
65,-1,129,541,64,48,0.5100458264350891,6,-1,-1
65,-1,74,412,82,45,0.4867441952228546,6,-1,-1
65,-1,2131,462,171,69,0.4595654308795929,6,-1,-1
65,-1,1871,452,72,56,0.41303709149360657,6,-1,-1
65,-1,370,537,55,31,0.2965223491191864,4,-1,-1
94,-1,100,461,109,69,0.7088046669960022,6,-1,-1
94,-1,1609,478,110,66,0.3810303807258606,6,-1,-1
94,-1,5,482,2312,802,0.2862962782382965,11,-1,-1
48,-1,2183,1088,204,96,0.8905311822891235,4,-1,-1
48,-1,1694,885,143,67,0.8522815108299255,4,-1,-1
48,-1,326,448,99,60,0.7117123603820801,6,-1,-1
48,-1,206,562,56,35,0.6990038752555847,4,-1,-1
48,-1,301,566,52,31,0.5920708775520325,4,-1,-1
48,-1,2028,471,179,78,0.511197566986084,6,-1,-1
48,-1,86,417,80,43,0.45919403433799744,6,-1,-1
48,-1,18,512,55,42,0.3884096145629883,6,-1,-1
48,-1,1917,453,52,54,0.29843246936798096,6,-1,-1
215,-1,1227,953,151,83,0.8792580366134644,4,-1,-1
215,-1,1532,983,182,88,0.8734944462776184,4,-1,-1
215,-1,2633,903,85,45,0.525469183921814,4,-1,-1
215,-1,1731,771,191,102,0.42052963376045227,6,-1,-1
75,-1,305,449,98,59,0.7769330143928528,6,-1,-1
75,-1,1830,459,91,57,0.6258559823036194,6,-1,-1
75,-1,187,566,65,52,0.6226950883865356,4,-1,-1
75,-1,3,478,2389,764,0.5834448337554932,11,-1,-1
75,-1,61,416,84,41,0.39101389050483704,6,-1,-1
75,-1,1922,496,82,57,0.3562900424003601,6,-1,-1
75,-1,260,524,52,32,0.35016658902168274,4,-1,-1
182,-1,528,543,260,130,0.9342890977859497,9,-1,-1
182,-1,2486,1195,234,137,0.8675033450126648,4,-1,-1
182,-1,2182,1154,257,179,0.5781663060188293,4,-1,-1
182,-1,2182,1154,257,179,0.4912194609642029,6,-1,-1
182,-1,2611,915,107,96,0.2852402925491333,6,-1,-1
11,-1,516,630,228,100,0.7624815702438354,6,-1,-1
11,-1,0,458,60,64,0.6861822009086609,6,-1,-1
11,-1,1399,486,241,115,0.5911807417869568,6,-1,-1
207,-1,0,584,240,162,0.9257599711418152,9,-1,-1
207,-1,1235,912,161,80,0.8253099322319031,4,-1,-1
207,-1,980,898,136,72,0.8108267188072205,4,-1,-1
207,-1,1923,800,202,98,0.6286892890930176,6,-1,-1
265,-1,4,412,2118,854,0.5661469101905823,11,-1,-1
218,-1,1659,1010,194,94,0.8863849639892578,4,-1,-1
218,-1,1331,974,158,89,0.8822161555290222,4,-1,-1
218,-1,2544,890,171,60,0.7965747714042664,4,-1,-1
218,-1,1661,760,187,98,0.6756582260131836,6,-1,-1
228,-1,1740,1075,191,103,0.9151713848114014,4,-1,-1
228,-1,2153,1124,239,108,0.9061489701271057,4,-1,-1
228,-1,2456,1003,206,88,0.8318461775779724,4,-1,-1
228,-1,2258,852,155,55,0.7948707938194275,4,-1,-1
247,-1,1714,860,152,71,0.8172268271446228,4,-1,-1
247,-1,1787,779,132,51,0.8106541633605957,4,-1,-1
247,-1,2226,866,153,55,0.6911758184432983,4,-1,-1
247,-1,3,407,2097,845,0.30134478211402893,11,-1,-1
135,-1,1204,504,158,86,0.8919764757156372,9,-1,-1
135,-1,1558,984,156,76,0.8266969323158264,4,-1,-1
135,-1,0,470,79,68,0.674150824546814,6,-1,-1
154,-1,940,522,187,99,0.910687267780304,9,-1,-1
154,-1,2340,1162,216,101,0.8571346402168274,4,-1,-1
154,-1,1298,968,155,94,0.8519381284713745,4,-1,-1
154,-1,2371,976,151,59,0.7781526446342468,4,-1,-1
154,-1,1014,932,163,115,0.7568426728248596,4,-1,-1
131,-1,0,471,81,68,0.7211536765098572,6,-1,-1
131,-1,1422,958,147,70,0.5849138498306274,4,-1,-1
131,-1,1245,503,148,83,0.4071651101112366,9,-1,-1
131,-1,1245,503,147,83,0.34635427594184875,6,-1,-1
147,-1,1020,513,176,93,0.8881518840789795,9,-1,-1
147,-1,1990,1085,189,89,0.8280475735664368,4,-1,-1
147,-1,2634,1008,84,46,0.3357680141925812,4,-1,-1
147,-1,1109,925,141,78,0.2890409827232361,4,-1,-1
260,-1,1900,837,140,49,0.567527711391449,4,-1,-1
260,-1,2,411,2095,863,0.3206120729446411,11,-1,-1
125,-1,0,468,86,69,0.69673752784729,6,-1,-1
125,-1,1300,495,142,80,0.5546727776527405,9,-1,-1
125,-1,1298,495,143,80,0.40526023507118225,6,-1,-1
125,-1,4,470,2276,837,0.3176325261592865,11,-1,-1
130,-1,1254,503,148,83,0.7474361062049866,9,-1,-1
130,-1,0,471,82,68,0.7316070795059204,6,-1,-1
130,-1,1389,951,142,67,0.6455987691879272,4,-1,-1
175,-1,2123,1145,218,121,0.9271320104598999,4,-1,-1
175,-1,652,557,240,121,0.9261054992675781,9,-1,-1
175,-1,1826,1108,226,155,0.8070311546325684,4,-1,-1
175,-1,1715,876,122,49,0.37877747416496277,4,-1,-1
175,-1,1825,1108,227,155,0.30905935168266296,6,-1,-1
203,-1,0,568,351,171,0.9309018850326538,9,-1,-1
203,-1,1114,886,141,70,0.5544355511665344,4,-1,-1
203,-1,2023,814,207,106,0.42359843850135803,6,-1,-1
203,-1,915,900,84,39,0.3296884000301361,4,-1,-1
45,-1,2069,1058,192,93,0.8741730451583862,4,-1,-1
45,-1,1604,862,135,66,0.7899055480957031,4,-1,-1
45,-1,330,448,96,60,0.7088890671730042,6,-1,-1
45,-1,2007,472,183,78,0.45830321311950684,6,-1,-1
45,-1,1923,452,49,48,0.3816155791282654,6,-1,-1
45,-1,3,453,2507,759,0.33322852849960327,11,-1,-1
45,-1,185,558,54,34,0.30365273356437683,4,-1,-1
45,-1,1549,534,128,64,0.2624344229698181,6,-1,-1
259,-1,1922,840,143,51,0.7258325815200806,4,-1,-1
259,-1,1348,811,133,60,0.32925945520401,4,-1,-1
1,-1,0,459,65,64,0.681471586227417,6,-1,-1
1,-1,1289,499,179,103,0.6406687498092651,6,-1,-1
1,-1,153,685,293,120,0.571329653263092,6,-1,-1
1,-1,2305,1130,413,273,0.2867649495601654,6,-1,-1
1,-1,1450,508,107,92,0.2762332558631897,6,-1,-1
133,-1,1225,504,153,84,0.8747644424438477,9,-1,-1
133,-1,1488,970,151,74,0.8174579739570618,4,-1,-1
133,-1,0,470,79,68,0.7542734146118164,6,-1,-1
214,-1,1494,971,178,90,0.8734528422355652,4,-1,-1
214,-1,1193,945,151,81,0.8730026483535767,4,-1,-1
214,-1,1751,775,195,96,0.7193542122840881,6,-1,-1
214,-1,2663,910,55,39,0.3949625492095947,4,-1,-1
22,-1,11,449,112,67,0.6262105703353882,6,-1,-1
22,-1,1562,438,211,126,0.4045577347278595,6,-1,-1
22,-1,870,586,185,83,0.34060725569725037,6,-1,-1
22,-1,1136,883,161,66,0.3228565454483032,4,-1,-1
226,-1,1650,1052,183,99,0.9010045528411865,4,-1,-1
226,-1,2044,1098,227,107,0.8971413373947144,4,-1,-1
226,-1,2315,859,156,56,0.8179295063018799,4,-1,-1
226,-1,2548,1020,171,87,0.7951080799102783,4,-1,-1
50,-1,2262,1109,215,101,0.8808631896972656,4,-1,-1
50,-1,1757,899,145,73,0.8415374159812927,4,-1,-1
50,-1,325,447,99,63,0.7177292108535767,6,-1,-1
50,-1,222,567,56,35,0.547911524772644,4,-1,-1
50,-1,2042,472,179,76,0.528276264667511,6,-1,-1
50,-1,316,573,54,30,0.5206431746482849,4,-1,-1
50,-1,1906,453,64,52,0.4213846027851105,6,-1,-1
50,-1,3,471,2396,741,0.37703272700309753,11,-1,-1
50,-1,31,517,55,42,0.3743818402290344,6,-1,-1
50,-1,84,419,82,42,0.25978967547416687,6,-1,-1
139,-1,1149,508,161,87,0.8966748118400574,9,-1,-1
139,-1,1694,1019,166,79,0.843856692314148,4,-1,-1
139,-1,0,473,55,67,0.7177035212516785,6,-1,-1
74,-1,305,448,100,60,0.7397223711013794,6,-1,-1
74,-1,3,475,2342,757,0.7153228521347046,11,-1,-1
74,-1,1834,458,87,56,0.638768196105957,6,-1,-1
74,-1,182,562,66,51,0.5699314475059509,4,-1,-1
74,-1,64,415,83,43,0.41285189986228943,6,-1,-1
74,-1,1909,498,82,56,0.3340282738208771,6,-1,-1
128,-1,0,469,83,70,0.5615869760513306,6,-1,-1
128,-1,1271,499,147,81,0.45305413007736206,6,-1,-1
68,-1,2457,1059,208,93,0.8944189548492432,4,-1,-1
68,-1,312,444,105,61,0.6729646325111389,6,-1,-1
68,-1,1826,451,112,107,0.6037716865539551,6,-1,-1
68,-1,3,457,2448,755,0.5718088746070862,11,-1,-1
68,-1,149,546,65,50,0.5043436288833618,4,-1,-1
68,-1,337,533,55,31,0.3724115788936615,4,-1,-1
68,-1,73,412,81,44,0.36201298236846924,6,-1,-1
68,-1,149,547,65,50,0.2650220990180969,6,-1,-1
234,-1,2042,1144,218,117,0.919642448425293,4,-1,-1
234,-1,2519,1203,200,114,0.8245672583580017,4,-1,-1
234,-1,2193,954,184,78,0.8240017294883728,4,-1,-1
234,-1,2098,829,143,53,0.8028236627578735,4,-1,-1
234,-1,2594,916,124,37,0.4130405783653259,4,-1,-1
234,-1,3,398,2122,865,0.328693151473999,11,-1,-1
124,-1,0,466,85,71,0.6424817442893982,6,-1,-1
124,-1,1310,493,141,80,0.5808327198028564,9,-1,-1
124,-1,2,470,2220,831,0.29220345616340637,11,-1,-1
126,-1,0,469,84,69,0.692743718624115,6,-1,-1
126,-1,1290,496,145,80,0.48243245482444763,9,-1,-1
126,-1,1290,497,144,79,0.4351899325847626,6,-1,-1
262,-1,1851,829,138,52,0.2715654969215393,11,-1,-1
262,-1,2,402,2072,870,0.2659091353416443,11,-1,-1
47,-1,2143,1076,202,101,0.8908613324165344,4,-1,-1
47,-1,1664,877,140,65,0.8620152473449707,4,-1,-1
47,-1,326,447,99,61,0.7054458856582642,6,-1,-1
47,-1,198,561,57,35,0.558036744594574,4,-1,-1
47,-1,291,568,53,25,0.5468473434448242,4,-1,-1
47,-1,11,510,54,41,0.5422583222389221,4,-1,-1
47,-1,2022,471,131,73,0.4503808319568634,6,-1,-1
47,-1,1920,451,49,51,0.41877609491348267,6,-1,-1
47,-1,87,418,81,42,0.3676661550998688,6,-1,-1
47,-1,3,440,2499,771,0.26709067821502686,11,-1,-1
18,-1,0,458,56,64,0.5844926238059998,6,-1,-1
18,-1,716,601,199,83,0.44641008973121643,6,-1,-1
160,-1,867,531,201,103,0.9057461619377136,9,-1,-1
160,-1,1493,1015,166,98,0.8565996289253235,4,-1,-1
160,-1,1205,974,177,128,0.8139747977256775,4,-1,-1
160,-1,2169,945,138,60,0.7775711417198181,4,-1,-1
160,-1,2698,1236,20,59,0.31212589144706726,4,-1,-1
177,-1,2220,1165,227,123,0.9320850372314453,4,-1,-1
177,-1,619,559,245,124,0.9163386225700378,9,-1,-1
177,-1,1925,1127,235,169,0.8000261187553406,4,-1,-1
177,-1,1658,866,122,48,0.3396156430244446,4,-1,-1
123,-1,1317,494,142,78,0.5199579000473022,9,-1,-1
123,-1,0,465,89,71,0.5100386738777161,6,-1,-1
123,-1,4,478,2269,828,0.3748742640018463,11,-1,-1
29,-1,1473,923,143,75,0.6813620328903198,4,-1,-1
29,-1,200,446,104,64,0.6109971404075623,6,-1,-1
29,-1,1772,451,200,111,0.519240140914917,6,-1,-1
29,-1,1169,568,157,75,0.46339893341064453,6,-1,-1
194,-1,245,542,321,150,0.9321720600128174,9,-1,-1
194,-1,2261,846,226,107,0.4594183564186096,6,-1,-1
44,-1,2035,1048,186,93,0.9004082083702087,4,-1,-1
44,-1,1580,855,129,64,0.8152012228965759,4,-1,-1
44,-1,330,447,97,62,0.7680344581604004,6,-1,-1
44,-1,0,506,46,37,0.44554367661476135,4,-1,-1
44,-1,176,555,56,35,0.34449902176856995,4,-1,-1
44,-1,1536,534,123,68,0.33065417408943176,6,-1,-1
44,-1,2000,471,188,86,0.31649717688560486,6,-1,-1
44,-1,1923,451,49,47,0.3072516620159149,6,-1,-1
217,-1,1295,967,155,86,0.8830429911613464,4,-1,-1
217,-1,1618,1001,189,91,0.8790841698646545,4,-1,-1
217,-1,2574,894,144,61,0.7957648634910583,4,-1,-1
217,-1,1684,765,187,98,0.7808467745780945,6,-1,-1
197,-1,165,552,334,154,0.9286822080612183,9,-1,-1
197,-1,2181,836,218,101,0.677289605140686,6,-1,-1
52,-1,2348,1129,221,108,0.8909659385681152,4,-1,-1
52,-1,1821,915,151,70,0.8623102307319641,4,-1,-1
52,-1,325,447,98,63,0.6643218994140625,6,-1,-1
52,-1,234,572,61,36,0.5991209745407104,4,-1,-1
52,-1,45,521,55,42,0.5468154549598694,4,-1,-1
52,-1,2056,471,176,71,0.4492713510990143,6,-1,-1
52,-1,1905,453,64,52,0.3853629231452942,6,-1,-1
52,-1,334,578,54,29,0.33735230565071106,4,-1,-1
52,-1,4,443,2482,772,0.3366887867450714,11,-1,-1
239,-1,2338,1211,240,124,0.9142520427703857,4,-1,-1
239,-1,1999,916,168,77,0.8339896202087402,4,-1,-1
239,-1,1970,809,140,53,0.792266845703125,4,-1,-1
239,-1,2445,898,168,54,0.7163411378860474,4,-1,-1
239,-1,3,412,2115,846,0.34916770458221436,11,-1,-1
86,-1,174,461,108,66,0.7500095963478088,6,-1,-1
86,-1,1697,473,105,64,0.6444128155708313,6,-1,-1
86,-1,5,467,2308,800,0.430486798286438,11,-1,-1
86,-1,2174,482,176,65,0.4250984787940979,6,-1,-1
86,-1,134,617,76,58,0.40187689661979675,4,-1,-1
86,-1,134,617,76,59,0.37626516819000244,6,-1,-1
86,-1,27,526,51,29,0.33648136258125305,4,-1,-1
232,-1,2389,1175,260,120,0.9029650688171387,4,-1,-1
232,-1,1935,1120,208,112,0.9027082920074463,4,-1,-1
232,-1,2278,971,190,82,0.817879319190979,4,-1,-1
232,-1,2152,835,153,56,0.8047199249267578,4,-1,-1
232,-1,2656,930,62,29,0.3907618522644043,4,-1,-1
232,-1,4,398,2088,864,0.33653712272644043,11,-1,-1
38,-1,1833,997,170,84,0.8458603620529175,4,-1,-1
38,-1,332,445,102,62,0.7358748912811279,6,-1,-1
38,-1,1955,475,196,78,0.7151522636413574,6,-1,-1
38,-1,1424,820,119,58,0.6908398270606995,4,-1,-1
38,-1,1440,549,134,68,0.5388410091400146,6,-1,-1
38,-1,1927,449,54,51,0.3926924765110016,6,-1,-1
38,-1,2,484,2441,727,0.28774964809417725,11,-1,-1
71,-1,2615,1098,103,80,0.8328970670700073,4,-1,-1
71,-1,308,445,102,60,0.6786290407180786,6,-1,-1
71,-1,3,459,2413,762,0.6488488912582397,11,-1,-1
71,-1,168,555,63,49,0.38588935136795044,6,-1,-1
71,-1,168,555,63,49,0.37678971886634827,4,-1,-1
71,-1,69,414,82,43,0.36097267270088196,6,-1,-1
71,-1,1849,455,83,55,0.286271333694458,6,-1,-1
118,-1,1433,492,133,75,0.7821606397628784,9,-1,-1
118,-1,76,464,107,66,0.6700942516326904,6,-1,-1
118,-1,4,472,2389,834,0.2752198874950409,11,-1,-1
51,-1,2306,1119,216,107,0.8861396312713623,4,-1,-1
51,-1,1788,907,149,70,0.8560377359390259,4,-1,-1
51,-1,325,447,98,63,0.6911731362342834,6,-1,-1
51,-1,2043,471,180,71,0.5364160537719727,6,-1,-1
51,-1,37,518,57,43,0.4440745413303375,6,-1,-1
51,-1,1907,453,62,54,0.3805685043334961,6,-1,-1
51,-1,325,575,54,29,0.3552961051464081,4,-1,-1
51,-1,83,419,83,42,0.3499164283275604,6,-1,-1
51,-1,227,570,60,34,0.2919776439666748,4,-1,-1
51,-1,1636,527,115,58,0.2874811589717865,6,-1,-1
51,-1,3,460,2464,752,0.25411760807037354,11,-1,-1
12,-1,0,458,61,64,0.6815467476844788,6,-1,-1
12,-1,549,626,218,94,0.45057210326194763,6,-1,-1
245,-1,1833,787,131,50,0.788219153881073,4,-1,-1
245,-1,1783,876,156,66,0.7873930335044861,4,-1,-1
245,-1,2279,873,159,52,0.6247506141662598,4,-1,-1
245,-1,4,418,2104,837,0.5268256068229675,11,-1,-1
88,-1,122,464,109,65,0.6973934173583984,6,-1,-1
88,-1,1653,475,104,62,0.4776138961315155,6,-1,-1
88,-1,2148,481,165,62,0.2975010275840759,6,-1,-1
88,-1,4,481,2288,792,0.2949414849281311,11,-1,-1
88,-1,99,628,82,59,0.283261239528656,4,-1,-1
213,-1,1162,936,147,82,0.8817451596260071,4,-1,-1
213,-1,1455,962,175,88,0.8772873878479004,4,-1,-1
213,-1,1778,780,195,101,0.7298446297645569,6,-1,-1
213,-1,0,617,44,126,0.6178779006004333,6,-1,-1
213,-1,2690,914,28,32,0.40331873297691345,4,-1,-1
190,-1,351,530,297,143,0.938355028629303,9,-1,-1
190,-1,2374,860,235,115,0.6979777812957764,6,-1,-1
190,-1,2654,1226,64,155,0.6099312901496887,6,-1,-1
158,-1,891,525,198,106,0.9020012617111206,9,-1,-1
158,-1,1422,999,164,94,0.8776218295097351,4,-1,-1
158,-1,1137,958,174,125,0.8492556810379028,4,-1,-1
158,-1,2234,958,144,58,0.7586702704429626,4,-1,-1
158,-1,2568,1212,150,102,0.6685041785240173,4,-1,-1
4,-1,276,669,266,107,0.7182902097702026,6,-1,-1
4,-1,0,458,63,65,0.700648844242096,6,-1,-1
4,-1,1321,497,260,105,0.3834187388420105,6,-1,-1
87,-1,148,465,105,62,0.7492123246192932,6,-1,-1
87,-1,1673,474,106,64,0.6227887272834778,6,-1,-1
87,-1,0,524,39,32,0.5997436046600342,4,-1,-1
87,-1,114,623,79,58,0.5440361499786377,4,-1,-1
87,-1,5,485,2341,787,0.25114625692367554,11,-1,-1
90,-1,109,466,108,64,0.7131029367446899,6,-1,-1
90,-1,1631,478,107,63,0.5231710076332092,6,-1,-1
90,-1,2148,481,165,62,0.3999839723110199,6,-1,-1
90,-1,4,493,2301,786,0.31336086988449097,11,-1,-1
32,-1,277,448,102,61,0.7325568795204163,6,-1,-1
32,-1,1612,950,153,77,0.6893072724342346,4,-1,-1
32,-1,1289,562,150,70,0.5469350218772888,6,-1,-1
32,-1,1857,476,200,84,0.5444328784942627,6,-1,-1
32,-1,118,538,44,26,0.35947877168655396,4,-1,-1
32,-1,29,533,47,31,0.3080511689186096,4,-1,-1
32,-1,15,500,47,22,0.2758290469646454,4,-1,-1
32,-1,3,489,2446,715,0.26643070578575134,11,-1,-1
167,-1,775,543,216,111,0.9308096170425415,9,-1,-1
167,-1,1759,1075,188,106,0.8980368375778198,4,-1,-1
167,-1,1948,915,130,51,0.8039424419403076,4,-1,-1
167,-1,1464,1034,200,142,0.6380579471588135,4,-1,-1
167,-1,1464,1034,200,142,0.6080189347267151,6,-1,-1
8,-1,417,647,244,100,0.7850961089134216,6,-1,-1
8,-1,0,458,63,64,0.7104978561401367,6,-1,-1
8,-1,1374,486,238,102,0.3941018581390381,6,-1,-1
8,-1,2563,1193,155,230,0.37551212310791016,6,-1,-1
236,-1,2153,1169,225,119,0.9151081442832947,4,-1,-1
236,-1,2047,822,141,51,0.8367450833320618,4,-1,-1
236,-1,2112,939,179,78,0.8311846256256104,4,-1,-1
236,-1,2532,910,172,53,0.7182344198226929,4,-1,-1
236,-1,2652,1231,66,85,0.6968720555305481,4,-1,-1
166,-1,787,542,215,109,0.9054631590843201,9,-1,-1
166,-1,1718,1065,185,107,0.8870076537132263,4,-1,-1
166,-1,1426,1027,195,139,0.8058896660804749,4,-1,-1
166,-1,1979,920,131,55,0.7691884636878967,4,-1,-1
