237,-1,2214,1183,232,121,0.8922803997993469,4,-1,-1
237,-1,2074,931,178,78,0.804756224155426,4,-1,-1
237,-1,2019,818,141,54,0.7464497089385986,4,-1,-1
237,-1,4,454,2104,805,0.5792763233184814,11,-1,-1
237,-1,2503,904,171,56,0.5413768887519836,4,-1,-1
196,-1,191,547,332,155,0.8971219658851624,9,-1,-1
196,-1,2207,839,221,112,0.4337444007396698,6,-1,-1
196,-1,291,406,105,51,0.2898394465446472,9,-1,-1
60,-1,2108,980,176,80,0.8352201581001282,4,-1,-1
60,-1,98,537,61,44,0.7292324900627136,4,-1,-1
60,-1,321,446,99,64,0.6872968077659607,6,-1,-1
60,-1,299,585,62,36,0.47816377878189087,4,-1,-1
60,-1,0,531,2347,668,0.45041367411613464,11,-1,-1
60,-1,1889,455,65,55,0.4059233069419861,6,-1,-1
60,-1,1747,514,106,54,0.38923409581184387,6,-1,-1
60,-1,423,554,55,32,0.3641475439071655,4,-1,-1
60,-1,2104,469,116,68,0.36342954635620117,6,-1,-1
60,-1,2104,470,173,69,0.2859715521335602,6,-1,-1
92,-1,105,461,107,70,0.6266319751739502,6,-1,-1
92,-1,1621,477,108,66,0.6040210723876953,6,-1,-1
92,-1,3,511,2302,778,0.582962691783905,11,-1,-1
92,-1,1620,478,110,65,0.35032978653907776,9,-1,-1
92,-1,2158,480,178,65,0.33761972188949585,6,-1,-1
180,-1,566,559,253,129,0.8941928148269653,9,-1,-1
180,-1,2378,1191,241,129,0.8599120378494263,4,-1,-1
180,-1,2075,1151,249,181,0.5807050466537476,6,-1,-1
180,-1,1578,846,117,50,0.39261355996131897,4,-1,-1
180,-1,2674,956,44,84,0.29433518648147583,4,-1,-1
20,-1,0,455,79,64,0.4679623544216156,6,-1,-1
20,-1,788,592,185,87,0.3457487225532532,6,-1,-1
20,-1,1489,475,235,112,0.27301016449928284,6,-1,-1
20,-1,1479,437,246,151,0.2516200542449951,11,-1,-1
20,-1,2,471,2064,696,0.25117960572242737,11,-1,-1
151,-1,973,517,184,97,0.8894975781440735,9,-1,-1
151,-1,2182,1128,204,96,0.8279266953468323,4,-1,-1
151,-1,1215,951,145,85,0.5474064350128174,4,-1,-1
151,-1,2484,989,154,66,0.5097763538360596,4,-1,-1
151,-1,925,923,160,97,0.4479672610759735,6,-1,-1
151,-1,924,922,161,98,0.3413761854171753,4,-1,-1
249,-1,3,441,2096,817,0.6861897706985474,11,-1,-1
249,-1,1646,850,153,73,0.5299575924873352,4,-1,-1
249,-1,2172,859,151,59,0.4952951669692993,4,-1,-1
249,-1,1742,771,131,52,0.3835456967353821,4,-1,-1
17,-1,691,606,199,89,0.6028112769126892,6,-1,-1
17,-1,0,458,57,62,0.4754961431026459,6,-1,-1
17,-1,1439,434,246,160,0.3940952718257904,11,-1,-1
62,-1,2187,995,183,83,0.8409340381622314,4,-1,-1
62,-1,319,447,98,62,0.7095606923103333,6,-1,-1
62,-1,1775,513,97,56,0.6146255731582642,6,-1,-1
62,-1,111,538,60,48,0.5996481776237488,4,-1,-1
62,-1,2107,470,180,69,0.4386168122291565,6,-1,-1
62,-1,399,547,59,33,0.43768593668937683,4,-1,-1
62,-1,1878,454,70,59,0.42804428935050964,6,-1,-1
251,-1,2,449,2068,816,0.7416544556617737,11,-1,-1
251,-1,2120,853,151,51,0.6253198981285095,4,-1,-1
251,-1,1703,767,123,48,0.5957367420196533,4,-1,-1
251,-1,1584,840,147,64,0.554854691028595,4,-1,-1
66,-1,2362,1035,198,87,0.8621896505355835,4,-1,-1
66,-1,317,443,99,62,0.6586443781852722,6,-1,-1
66,-1,138,541,64,49,0.6227302551269531,4,-1,-1
66,-1,360,535,55,33,0.5936044454574585,4,-1,-1
66,-1,1862,452,80,55,0.4677199721336365,6,-1,-1
66,-1,0,531,2333,665,0.35308393836021423,11,-1,-1
66,-1,2141,467,61,62,0.3183593153953552,6,-1,-1
66,-1,73,412,84,44,0.31131765246391296,6,-1,-1
2,-1,1269,497,298,134,0.7393726110458374,6,-1,-1
2,-1,0,458,64,64,0.6896669864654541,6,-1,-1
2,-1,199,682,277,111,0.5747693777084351,6,-1,-1
2,-1,2448,1060,95,173,0.4855615496635437,11,-1,-1
2,-1,1543,433,90,70,0.3507249355316162,6,-1,-1
2,-1,0,491,2045,679,0.30642813444137573,6,-1,-1
179,-1,583,561,251,128,0.9056768417358398,9,-1,-1
179,-1,2326,1185,235,128,0.8407922387123108,4,-1,-1
179,-1,2025,1147,245,169,0.6527873873710632,6,-1,-1
157,-1,902,526,196,103,0.883679986000061,9,-1,-1
157,-1,1391,993,160,91,0.8132669925689697,4,-1,-1
157,-1,2266,959,146,61,0.6806802749633789,4,-1,-1
157,-1,1102,952,173,123,0.6402280330657959,4,-1,-1
157,-1,2511,1199,208,103,0.4810467064380646,4,-1,-1
103,-1,95,465,105,65,0.655521035194397,6,-1,-1
103,-1,1552,481,122,71,0.5759474635124207,6,-1,-1
103,-1,3,503,2338,803,0.4972977936267853,11,-1,-1
169,-1,743,546,223,113,0.894121527671814,9,-1,-1
169,-1,1842,1093,196,111,0.8771469593048096,4,-1,-1
169,-1,1888,906,131,53,0.7578071355819702,4,-1,-1
169,-1,1547,1053,206,141,0.5843930244445801,4,-1,-1
169,-1,1547,1052,205,143,0.5428627729415894,6,-1,-1
174,-1,670,557,232,119,0.9101446270942688,9,-1,-1
174,-1,2071,1135,216,118,0.8461006879806519,4,-1,-1
174,-1,1774,1099,224,156,0.5183709263801575,6,-1,-1
174,-1,1775,1099,225,155,0.4236566424369812,4,-1,-1
174,-1,1744,882,123,48,0.3903542160987854,4,-1,-1
242,-1,1887,898,166,71,0.7324941158294678,4,-1,-1
242,-1,1901,797,136,51,0.7075055241584778,4,-1,-1
242,-1,4,460,2109,798,0.6505650281906128,11,-1,-1
242,-1,2533,1254,186,119,0.6112265586853027,4,-1,-1
242,-1,2362,886,162,58,0.49308276176452637,4,-1,-1
3,-1,237,674,270,111,0.7511837482452393,6,-1,-1
3,-1,1282,493,291,136,0.7159863114356995,6,-1,-1
3,-1,0,457,64,65,0.6843850016593933,6,-1,-1
3,-1,1543,433,90,69,0.41441088914871216,6,-1,-1
3,-1,0,487,2061,682,0.3190826177597046,6,-1,-1
165,-1,1674,1060,187,99,0.871920645236969,4,-1,-1
165,-1,802,538,213,111,0.7877517342567444,9,-1,-1
165,-1,2010,924,135,57,0.7410376071929932,4,-1,-1
165,-1,1386,1017,193,138,0.5479642152786255,4,-1,-1
220,-1,1404,992,164,92,0.8750082850456238,4,-1,-1
220,-1,1748,1032,204,93,0.8622531294822693,4,-1,-1
220,-1,1,457,2107,808,0.5089349746704102,11,-1,-1
220,-1,2485,881,169,61,0.4969404339790344,4,-1,-1
220,-1,1615,757,186,100,0.4009692072868347,6,-1,-1
205,-1,0,573,298,177,0.9186567068099976,9,-1,-1
205,-1,1165,899,160,76,0.6520417332649231,4,-1,-1
205,-1,1973,807,205,111,0.6031872034072876,6,-1,-1
205,-1,930,899,125,59,0.5965187549591064,4,-1,-1
222,-1,1841,1053,212,98,0.8706550598144531,4,-1,-1
222,-1,1481,1012,170,93,0.8489183783531189,4,-1,-1
222,-1,2428,874,161,58,0.6901711821556091,4,-1,-1
222,-1,1571,751,181,94,0.3013457655906677,6,-1,-1
250,-1,4,435,2099,818,0.8137247562408447,11,-1,-1
250,-1,1719,768,132,51,0.41343411803245544,4,-1,-1
250,-1,2147,857,149,58,0.27326783537864685,4,-1,-1
111,-1,4,515,2253,788,0.6608144044876099,11,-1,-1
111,-1,85,462,111,69,0.6016340255737305,6,-1,-1
111,-1,1493,485,124,74,0.45711469650268555,6,-1,-1
111,-1,1491,486,128,72,0.3539043068885803,9,-1,-1
77,-1,301,448,99,61,0.7755566835403442,6,-1,-1
77,-1,1828,459,89,60,0.7625440955162048,6,-1,-1
77,-1,197,571,68,51,0.5742893815040588,4,-1,-1
77,-1,238,522,53,31,0.3857397735118866,4,-1,-1
77,-1,4,507,2369,723,0.28444012999534607,11,-1,-1
77,-1,1940,502,81,48,0.2802324593067169,6,-1,-1
181,-1,546,550,258,131,0.9207939505577087,9,-1,-1
181,-1,2434,1192,244,137,0.8215072154998779,4,-1,-1
181,-1,2127,1153,254,183,0.5843198299407959,6,-1,-1
181,-1,2129,1154,251,181,0.4566137492656708,4,-1,-1
181,-1,2642,932,76,94,0.41568341851234436,6,-1,-1
209,-1,0,591,179,155,0.8750478625297546,9,-1,-1
209,-1,1037,908,142,76,0.841613233089447,4,-1,-1
209,-1,1306,928,163,81,0.8132029175758362,4,-1,-1
209,-1,1874,791,201,104,0.5405994057655334,6,-1,-1
183,-1,507,535,264,131,0.9129502773284912,9,-1,-1
183,-1,2235,1156,263,189,0.736239492893219,6,-1,-1
183,-1,2542,1196,176,134,0.7008640170097351,4,-1,-1
183,-1,2581,905,138,96,0.6774990558624268,6,-1,-1
41,-1,1931,1022,177,88,0.8287257552146912,4,-1,-1
41,-1,1497,837,127,61,0.8000134229660034,4,-1,-1
41,-1,1489,544,133,64,0.6801323890686035,6,-1,-1
41,-1,332,446,97,61,0.6737667322158813,6,-1,-1
41,-1,152,544,59,38,0.5355221033096313,4,-1,-1
41,-1,0,501,29,42,0.47857052087783813,4,-1,-1
41,-1,242,551,53,32,0.45967963337898254,4,-1,-1
41,-1,2096,484,74,59,0.4276583790779114,6,-1,-1
41,-1,1981,477,130,69,0.42509305477142334,6,-1,-1
41,-1,88,416,85,42,0.33736148476600647,6,-1,-1
41,-1,1980,479,72,65,0.2862703800201416,6,-1,-1
100,-1,96,463,108,68,0.6620901226997375,6,-1,-1
100,-1,1571,480,130,67,0.5265098810195923,6,-1,-1
84,-1,231,452,103,62,0.7531879544258118,6,-1,-1
84,-1,175,598,73,54,0.668271005153656,4,-1,-1
84,-1,1752,464,100,62,0.6130049228668213,6,-1,-1
84,-1,103,515,52,33,0.5737621188163757,4,-1,-1
84,-1,3,516,2347,738,0.5418002009391785,11,-1,-1
84,-1,2311,483,74,56,0.30344024300575256,6,-1,-1
84,-1,2208,476,65,57,0.2981322407722473,6,-1,-1
171,-1,716,549,223,116,0.8984667062759399,9,-1,-1
171,-1,1928,1111,204,112,0.8769510984420776,4,-1,-1
171,-1,1827,893,126,54,0.7011550664901733,4,-1,-1
171,-1,1633,1069,215,148,0.5093573331832886,4,-1,-1
171,-1,1633,1070,214,148,0.45245465636253357,6,-1,-1
55,-1,1924,938,159,72,0.83873450756073,4,-1,-1
55,-1,2484,1165,234,109,0.7397028803825378,4,-1,-1
55,-1,326,447,96,64,0.692501425743103,6,-1,-1
55,-1,1688,518,113,60,0.6859706044197083,6,-1,-1
55,-1,2053,470,197,77,0.632122278213501,6,-1,-1
55,-1,62,524,60,47,0.5317282676696777,4,-1,-1
55,-1,1898,453,64,57,0.5308778285980225,6,-1,-1
55,-1,357,582,57,29,0.5191699862480164,4,-1,-1
55,-1,261,577,57,37,0.412804514169693,4,-1,-1
55,-1,480,562,57,31,0.36232802271842957,4,-1,-1
55,-1,81,417,84,45,0.2563335597515106,6,-1,-1
153,-1,952,522,186,98,0.8502868413925171,9,-1,-1
153,-1,2285,1152,213,101,0.7847416996955872,4,-1,-1
153,-1,1268,965,153,86,0.7651600241661072,4,-1,-1
153,-1,2408,979,154,65,0.7070616483688354,4,-1,-1
153,-1,982,928,163,111,0.7038129568099976,4,-1,-1
153,-1,983,926,161,113,0.5328109264373779,6,-1,-1
80,-1,292,449,100,60,0.7446454167366028,6,-1,-1
80,-1,1813,460,94,62,0.7016847133636475,6,-1,-1
80,-1,210,578,67,53,0.636508047580719,4,-1,-1
80,-1,203,516,51,33,0.3827950954437256,4,-1,-1
27,-1,5,517,2202,664,0.5902859568595886,11,-1,-1
27,-1,150,448,105,64,0.5817939043045044,6,-1,-1
27,-1,1383,910,140,70,0.572346568107605,4,-1,-1
27,-1,1092,572,160,76,0.37383028864860535,6,-1,-1
140,-1,1133,508,163,87,0.8801265954971313,9,-1,-1
140,-1,1724,1027,172,80,0.8012952208518982,4,-1,-1
140,-1,0,474,47,64,0.35812413692474365,9,-1,-1
140,-1,0,475,47,64,0.26014193892478943,6,-1,-1
191,-1,326,534,301,144,0.930301308631897,9,-1,-1
115,-1,1462,487,127,76,0.6333252191543579,6,-1,-1
115,-1,83,465,107,66,0.6327013969421387,6,-1,-1
115,-1,3,508,2290,806,0.48760953545570374,11,-1,-1
76,-1,301,448,101,61,0.7457442879676819,6,-1,-1
76,-1,1830,458,89,60,0.7258138060569763,6,-1,-1
76,-1,192,567,65,54,0.5798748731613159,4,-1,-1
76,-1,2201,469,176,67,0.2694295644760132,6,-1,-1
186,-1,443,525,277,133,0.9201409220695496,9,-1,-1
186,-1,2405,1174,281,194,0.6594818830490112,6,-1,-1
186,-1,2488,873,230,115,0.4823004901409149,6,-1,-1
193,-1,274,538,312,149,0.9307966232299805,9,-1,-1
193,-1,2287,848,229,120,0.3936968445777893,6,-1,-1
193,-1,305,408,118,45,0.26503679156303406,9,-1,-1
108,-1,90,467,109,65,0.6847714781761169,6,-1,-1
108,-1,4,520,2247,782,0.6266147494316101,11,-1,-1
108,-1,1517,486,123,71,0.5296021699905396,6,-1,-1
108,-1,1516,485,123,72,0.39632683992385864,9,-1,-1
25,-1,95,451,107,64,0.7062559127807617,6,-1,-1
25,-1,1296,896,136,70,0.5249918699264526,4,-1,-1
25,-1,1003,575,172,81,0.4686258137226105,6,-1,-1
25,-1,3,471,2183,705,0.3162015974521637,11,-1,-1
13,-1,579,620,215,98,0.5576350092887878,6,-1,-1
13,-1,0,457,59,63,0.5413370728492737,6,-1,-1
13,-1,2,504,2044,661,0.43884387612342834,11,-1,-1
13,-1,1584,435,73,48,0.3213842809200287,6,-1,-1
13,-1,1585,435,72,48,0.308379590511322,4,-1,-1
13,-1,1414,485,239,104,0.2595462203025818,6,-1,-1
36,-1,1769,983,167,77,0.7570258378982544,4,-1,-1
36,-1,1375,808,114,55,0.6596826910972595,4,-1,-1
36,-1,336,446,98,62,0.655221164226532,6,-1,-1
36,-1,1940,475,198,86,0.6243071556091309,6,-1,-1
36,-1,1402,552,146,68,0.48831555247306824,6,-1,-1
36,-1,57,489,39,25,0.4617260694503784,4,-1,-1
36,-1,115,536,55,36,0.31949925422668457,4,-1,-1
36,-1,208,540,46,31,0.30948635935783386,4,-1,-1
36,-1,1935,449,50,44,0.2589890658855438,6,-1,-1
129,-1,0,469,81,70,0.6246410608291626,6,-1,-1
129,-1,1264,502,145,81,0.4547497630119324,9,-1,-1
129,-1,1264,502,146,80,0.42199793457984924,6,-1,-1
129,-1,4,520,2186,790,0.3573843836784363,11,-1,-1
229,-1,1788,1086,193,104,0.8850810527801514,4,-1,-1
229,-1,2414,992,200,86,0.8397400975227356,4,-1,-1
229,-1,2208,1136,244,114,0.8190586566925049,4,-1,-1
229,-1,2233,849,147,54,0.7760134935379028,4,-1,-1
229,-1,4,458,2113,812,0.32518166303634644,11,-1,-1
229,-1,1429,730,169,89,0.2974803149700165,6,-1,-1
40,-1,1472,831,123,59,0.7752155065536499,4,-1,-1
40,-1,1897,1014,175,86,0.7557757496833801,4,-1,-1
40,-1,1473,544,135,67,0.7112908959388733,6,-1,-1
40,-1,333,445,98,61,0.6904000639915466,6,-1,-1
40,-1,0,499,23,42,0.5910604596138,4,-1,-1
40,-1,1972,475,193,84,0.4257003664970398,6,-1,-1
40,-1,237,550,50,32,0.4127076268196106,4,-1,-1
40,-1,146,544,54,36,0.33701279759407043,4,-1,-1
40,-1,89,415,85,42,0.31150805950164795,6,-1,-1
40,-1,1974,476,138,81,0.27681249380111694,6,-1,-1
97,-1,1589,479,119,68,0.6888806223869324,6,-1,-1
97,-1,99,466,108,65,0.648628294467926,6,-1,-1
97,-1,4,523,2253,770,0.421480655670166,11,-1,-1
97,-1,2187,481,121,58,0.2993139326572418,6,-1,-1
216,-1,1259,960,156,83,0.8575469851493835,4,-1,-1
216,-1,1572,992,190,88,0.7973288297653198,4,-1,-1
216,-1,1706,769,191,96,0.44651949405670166,6,-1,-1
216,-1,2,442,2106,821,0.2847498059272766,11,-1,-1
142,-1,1098,509,168,89,0.8857339024543762,9,-1,-1
142,-1,1795,1043,176,82,0.8357465863227844,4,-1,-1
142,-1,0,478,29,60,0.25496503710746765,9,-1,-1
91,-1,5,526,2278,759,0.6718587875366211,11,-1,-1
91,-1,1629,477,106,65,0.6097300052642822,6,-1,-1
91,-1,106,459,108,71,0.5629084706306458,6,-1,-1
91,-1,1629,477,106,66,0.3482389450073242,9,-1,-1
91,-1,2155,480,172,63,0.3303813338279724,6,-1,-1
63,-1,2229,1004,188,85,0.8501089215278625,4,-1,-1
63,-1,320,448,96,60,0.6842044591903687,6,-1,-1
63,-1,118,539,64,48,0.6488638520240784,4,-1,-1
63,-1,1876,454,71,56,0.6172404885292053,6,-1,-1
63,-1,1786,511,104,51,0.5316686630249023,6,-1,-1
63,-1,319,591,63,36,0.27556586265563965,4,-1,-1
211,-1,1097,923,145,79,0.8494587540626526,4,-1,-1
211,-1,1378,945,171,82,0.8148314952850342,4,-1,-1
211,-1,0,601,113,151,0.6625187397003174,9,-1,-1
211,-1,1824,784,197,105,0.5170246362686157,6,-1,-1
70,-1,2560,1085,158,86,0.8400002717971802,4,-1,-1
70,-1,312,442,100,64,0.6954289078712463,6,-1,-1
70,-1,162,549,61,54,0.5602771043777466,4,-1,-1
70,-1,2158,468,179,62,0.46153199672698975,6,-1,-1
70,-1,1855,452,85,62,0.28468066453933716,6,-1,-1
70,-1,69,413,84,44,0.2592637240886688,6,-1,-1
199,-1,105,552,349,170,0.8954830765724182,9,-1,-1
199,-1,2128,827,215,108,0.42453059554100037,6,-1,-1
155,-1,926,524,194,99,0.8676645755767822,9,-1,-1
155,-1,2392,1175,226,103,0.8305750489234924,4,-1,-1
155,-1,1328,973,156,93,0.629523754119873,4,-1,-1
155,-1,1041,939,167,118,0.5644384622573853,6,-1,-1
155,-1,2336,972,147,56,0.5492782592773438,4,-1,-1
243,-1,2605,1271,114,102,0.7548841238021851,4,-1,-1
243,-1,4,455,2109,803,0.6799084544181824,11,-1,-1
243,-1,1877,795,136,50,0.6316813230514526,4,-1,-1
243,-1,1852,890,162,70,0.5926465392112732,4,-1,-1
243,-1,2335,882,159,54,0.30484887957572937,4,-1,-1
187,-1,421,523,281,139,0.9111413955688477,9,-1,-1
187,-1,2466,1187,252,197,0.7298063039779663,6,-1,-1
187,-1,2459,868,248,131,0.3980327844619751,6,-1,-1
187,-1,1548,439,76,29,0.3317243158817291,4,-1,-1
81,-1,285,447,101,63,0.7391582727432251,6,-1,-1
81,-1,1805,462,95,61,0.6422267556190491,6,-1,-1
81,-1,4,518,2403,723,0.6292865872383118,11,-1,-1
81,-1,209,582,68,52,0.548832893371582,4,-1,-1
81,-1,2232,478,64,59,0.375662624835968,6,-1,-1
81,-1,2340,482,67,56,0.33224016427993774,6,-1,-1
81,-1,1969,501,91,48,0.32114285230636597,6,-1,-1
81,-1,187,517,51,29,0.3170790374279022,4,-1,-1
15,-1,637,614,206,90,0.5409783124923706,6,-1,-1
15,-1,0,458,58,62,0.4828832447528839,6,-1,-1
15,-1,1444,435,228,157,0.3854964077472687,11,-1,-1
15,-1,0,479,2094,685,0.3165031373500824,11,-1,-1
21,-1,828,587,186,86,0.4989807605743408,6,-1,-1
21,-1,0,448,98,71,0.3290155827999115,11,-1,-1
21,-1,0,448,98,71,0.2730939984321594,6,-1,-1
14,-1,605,619,212,93,0.6529867053031921,6,-1,-1
14,-1,0,457,58,64,0.5491266250610352,6,-1,-1
14,-1,1,503,2059,660,0.43033483624458313,11,-1,-1
14,-1,1584,435,74,48,0.28412342071533203,6,-1,-1
14,-1,1437,482,151,88,0.25718674063682556,11,-1,-1
264,-1,2,461,2100,813,0.7997870445251465,11,-1,-1
264,-1,1802,821,137,50,0.5314648747444153,11,-1,-1
120,-1,42,463,111,69,0.5803878307342529,6,-1,-1
120,-1,1392,492,134,76,0.48146095871925354,6,-1,-1
120,-1,3,514,2244,791,0.3498055636882782,11,-1,-1
170,-1,732,548,222,116,0.8921929597854614,9,-1,-1
170,-1,1886,1103,197,109,0.8663614392280579,4,-1,-1
170,-1,1857,897,130,56,0.7226753234863281,4,-1,-1
170,-1,1589,1062,212,147,0.5812914967536926,4,-1,-1
170,-1,1590,1062,211,147,0.3016440272331238,6,-1,-1
161,-1,854,533,204,105,0.9036564230918884,9,-1,-1
161,-1,1526,1025,170,96,0.8449559807777405,4,-1,-1
161,-1,2136,942,139,59,0.6499097943305969,4,-1,-1
161,-1,1238,982,182,128,0.5503319501876831,6,-1,-1
161,-1,1238,982,182,127,0.5480872988700867,4,-1,-1
256,-1,1996,840,145,56,0.611900269985199,4,-1,-1
256,-1,3,448,2091,823,0.5921434164047241,11,-1,-1
256,-1,1436,818,134,65,0.33646005392074585,4,-1,-1
256,-1,1604,753,119,46,0.2660703957080841,4,-1,-1
105,-1,93,465,107,68,0.6607649326324463,6,-1,-1
105,-1,1535,482,123,71,0.5373023748397827,6,-1,-1
105,-1,4,517,2253,783,0.4227473735809326,11,-1,-1
198,-1,136,549,341,163,0.883278489112854,9,-1,-1
198,-1,2154,831,216,111,0.36932796239852905,6,-1,-1
230,-1,1837,1097,197,106,0.8901663422584534,4,-1,-1
230,-1,2269,1147,247,116,0.870248556137085,4,-1,-1
230,-1,2366,985,197,85,0.8190792202949524,4,-1,-1
230,-1,2206,844,150,56,0.7593289017677307,4,-1,-1
230,-1,3,460,2109,812,0.4926357865333557,11,-1,-1
136,-1,1196,506,156,85,0.8028784394264221,9,-1,-1
136,-1,1593,995,160,75,0.7602992057800293,4,-1,-1
136,-1,3,502,2196,812,0.5296696424484253,11,-1,-1
136,-1,0,470,76,68,0.3548709452152252,6,-1,-1
255,-1,4,456,2089,805,0.7586672306060791,11,-1,-1
255,-1,2019,845,147,51,0.38858360052108765,4,-1,-1
67,-1,2408,1047,204,90,0.8806551694869995,4,-1,-1
67,-1,1829,451,111,104,0.7602971792221069,6,-1,-1
67,-1,315,442,101,63,0.6883158087730408,6,-1,-1
67,-1,145,545,61,48,0.537788450717926,4,-1,-1
67,-1,73,412,83,45,0.2940256893634796,6,-1,-1
67,-1,2448,428,42,77,0.2872005105018616,6,-1,-1
67,-1,349,533,54,31,0.26517724990844727,4,-1,-1
150,-1,2132,1117,200,91,0.7864156365394592,4,-1,-1
150,-1,986,516,181,96,0.7528700828552246,9,-1,-1
150,-1,2519,993,157,67,0.6239830255508423,4,-1,-1
150,-1,1188,943,146,86,0.3947000205516815,4,-1,-1
144,-1,1065,509,171,92,0.8498075008392334,9,-1,-1
144,-1,1867,1058,178,85,0.8396015167236328,4,-1,-1
82,-1,276,447,101,64,0.7140276432037354,6,-1,-1
82,-1,1794,463,95,63,0.6637266278266907,6,-1,-1
82,-1,2,519,2390,726,0.5310569405555725,11,-1,-1
82,-1,168,516,52,30,0.4846523404121399,4,-1,-1
82,-1,206,586,72,53,0.3980213403701782,4,-1,-1
82,-1,2232,478,62,57,0.33648645877838135,6,-1,-1
82,-1,2341,483,65,56,0.25824740529060364,6,-1,-1
192,-1,302,535,306,146,0.9242565631866455,9,-1,-1
58,-1,2032,963,168,78,0.8577278256416321,4,-1,-1
58,-1,325,448,95,62,0.7288342118263245,6,-1,-1
58,-1,83,532,61,45,0.6800979375839233,4,-1,-1
58,-1,1726,518,106,56,0.6373831033706665,6,-1,-1
58,-1,1896,454,62,58,0.5834731459617615,6,-1,-1
58,-1,282,583,59,33,0.5750770568847656,4,-1,-1
58,-1,2629,1201,89,83,0.4013965427875519,4,-1,-1
58,-1,2628,1167,91,117,0.37937992811203003,4,-1,-1
58,-1,446,555,56,34,0.3177660405635834,4,-1,-1
58,-1,2092,469,118,72,0.27627408504486084,6,-1,-1
58,-1,0,519,2340,672,0.2739991247653961,11,-1,-1
6,-1,0,458,63,64,0.5589051842689514,6,-1,-1
6,-1,351,657,250,107,0.5421991348266602,6,-1,-1
6,-1,2485,1170,233,294,0.4272368848323822,11,-1,-1
6,-1,1351,494,168,97,0.37969931960105896,6,-1,-1
204,-1,0,570,326,177,0.9178125262260437,9,-1,-1
49,-1,1722,891,147,69,0.8244580030441284,4,-1,-1
49,-1,2220,1098,213,100,0.810764729976654,4,-1,-1
49,-1,327,447,100,63,0.7051136493682861,6,-1,-1
49,-1,308,571,53,30,0.6901464462280273,4,-1,-1
49,-1,24,514,57,43,0.6488021016120911,4,-1,-1
49,-1,1915,452,56,54,0.5799181461334229,6,-1,-1
49,-1,2034,471,125,71,0.5571514964103699,6,-1,-1
49,-1,213,564,58,37,0.5202766060829163,4,-1,-1
49,-1,1605,529,127,60,0.47372522950172424,6,-1,-1
49,-1,2,525,2353,665,0.37825408577919006,11,-1,-1
49,-1,2147,483,70,68,0.28255119919776917,6,-1,-1
49,-1,2034,471,183,76,0.250013142824173,6,-1,-1
104,-1,93,465,107,67,0.6705937385559082,6,-1,-1
104,-1,3,508,2269,798,0.5387779474258423,11,-1,-1
104,-1,1543,482,123,70,0.4361604154109955,6,-1,-1
258,-1,4,450,2096,816,0.7992721796035767,11,-1,-1
258,-1,1946,841,145,53,0.428029328584671,4,-1,-1
227,-1,2098,1109,234,112,0.8943818807601929,4,-1,-1
227,-1,1693,1063,188,100,0.8738164305686951,4,-1,-1
227,-1,2286,856,156,58,0.7929722666740417,4,-1,-1
227,-1,2502,1009,209,91,0.7886186242103577,4,-1,-1
227,-1,4,450,2101,825,0.4993683993816376,11,-1,-1
227,-1,1470,737,169,91,0.3057357966899872,6,-1,-1
56,-1,1959,946,165,73,0.8348895907402039,4,-1,-1
56,-1,71,527,58,46,0.7157778143882751,4,-1,-1
56,-1,324,447,98,64,0.6698420643806458,6,-1,-1
56,-1,2062,468,192,81,0.5956540703773499,6,-1,-1
56,-1,1698,520,114,56,0.5929660797119141,6,-1,-1
56,-1,269,578,59,37,0.5896944999694824,4,-1,-1
56,-1,1897,453,65,55,0.48422592878341675,6,-1,-1
56,-1,2530,1176,188,112,0.4336296021938324,4,-1,-1
56,-1,469,561,56,31,0.38221824169158936,4,-1,-1
56,-1,364,587,65,29,0.34980878233909607,4,-1,-1
162,-1,842,535,207,105,0.8916433453559875,9,-1,-1
162,-1,1562,1033,175,94,0.8492216467857361,4,-1,-1
162,-1,2105,937,137,57,0.7596905827522278,4,-1,-1
162,-1,1277,992,182,130,0.585979700088501,4,-1,-1
127,-1,2,506,2191,810,0.6754876971244812,11,-1,-1
127,-1,0,469,82,68,0.3560299873352051,6,-1,-1
127,-1,1283,499,143,81,0.3455125391483307,6,-1,-1
127,-1,1283,498,144,82,0.3107593357563019,9,-1,-1
122,-1,4,498,2219,816,0.4887825846672058,11,-1,-1
122,-1,0,444,98,91,0.43191036581993103,6,-1,-1
122,-1,1338,493,138,78,0.33814114332199097,6,-1,-1
163,-1,831,535,206,109,0.8902705311775208,9,-1,-1
163,-1,1598,1041,180,99,0.8481963872909546,4,-1,-1
163,-1,2072,933,137,56,0.7401741743087769,4,-1,-1
163,-1,1310,999,188,131,0.4822264611721039,6,-1,-1
163,-1,1310,999,188,132,0.47479596734046936,4,-1,-1
59,-1,2069,971,173,79,0.8765832185745239,4,-1,-1
59,-1,91,534,60,46,0.7318145036697388,4,-1,-1
59,-1,325,448,95,63,0.7143369913101196,6,-1,-1
59,-1,1739,515,105,55,0.6332957744598389,6,-1,-1
59,-1,2070,470,203,75,0.602130115032196,6,-1,-1
59,-1,1892,455,67,56,0.5354346036911011,6,-1,-1
59,-1,434,554,57,33,0.48956236243247986,4,-1,-1
59,-1,291,587,55,31,0.43558359146118164,4,-1,-1
59,-1,0,521,2347,676,0.31344088912010193,11,-1,-1
221,-1,1441,1003,168,91,0.8666265606880188,4,-1,-1
221,-1,1795,1041,208,99,0.8664740324020386,4,-1,-1
221,-1,2457,878,166,57,0.5892753601074219,4,-1,-1
221,-1,1,453,2109,811,0.26988109946250916,11,-1,-1
221,-1,1593,753,183,95,0.26665517687797546,6,-1,-1
200,-1,75,558,355,166,0.9010151624679565,9,-1,-1
200,-1,2102,823,215,114,0.4819742739200592,6,-1,-1
116,-1,82,465,110,66,0.6503189206123352,6,-1,-1
116,-1,2,515,2295,792,0.6108366847038269,11,-1,-1
116,-1,1454,487,131,76,0.5658097863197327,6,-1,-1
253,-1,4,437,2100,818,0.6679649949073792,11,-1,-1
253,-1,1657,748,133,62,0.31691837310791016,4,-1,-1
253,-1,1521,827,143,70,0.30635130405426025,4,-1,-1
261,-1,4,459,2090,811,0.7089709639549255,11,-1,-1
261,-1,1874,823,142,63,0.534276008605957,11,-1,-1
261,-1,1297,802,127,60,0.2925783097743988,4,-1,-1
261,-1,1873,824,144,64,0.275966614484787,4,-1,-1
244,-1,3,446,2104,813,0.8302409052848816,11,-1,-1
244,-1,1856,790,132,52,0.6065585017204285,4,-1,-1
244,-1,1817,882,158,70,0.4313495457172394,4,-1,-1
244,-1,2307,876,159,53,0.28482770919799805,4,-1,-1
235,-1,2096,1158,223,111,0.8738081455230713,4,-1,-1
235,-1,2153,945,181,81,0.7743535041809082,4,-1,-1
235,-1,2073,825,143,53,0.7546392679214478,4,-1,-1
235,-1,2583,1216,136,97,0.679094135761261,4,-1,-1
235,-1,2561,911,157,46,0.42339980602264404,4,-1,-1
235,-1,4,451,2089,808,0.41624176502227783,11,-1,-1
235,-1,354,549,65,38,0.25119179487228394,4,-1,-1
146,-1,1033,512,175,90,0.8869867324829102,9,-1,-1
146,-1,1944,1076,189,85,0.8371471762657166,4,-1,-1
72,-1,311,447,97,63,0.7017198801040649,6,-1,-1
72,-1,171,558,65,51,0.6274363994598389,4,-1,-1
72,-1,294,526,53,35,0.6091938614845276,4,-1,-1
72,-1,2672,1116,46,68,0.5497475862503052,4,-1,-1
72,-1,2178,469,170,63,0.4951235055923462,6,-1,-1
72,-1,1841,455,87,57,0.2805836498737335,6,-1,-1
73,-1,310,448,97,61,0.7161549925804138,6,-1,-1
73,-1,176,560,66,51,0.6546433568000793,4,-1,-1
73,-1,1840,457,87,57,0.4504755437374115,6,-1,-1
73,-1,304,526,31,31,0.29293495416641235,4,-1,-1
152,-1,963,521,188,96,0.865166425704956,9,-1,-1
152,-1,2233,1141,207,98,0.8290194272994995,4,-1,-1
152,-1,2443,987,156,63,0.744587779045105,4,-1,-1
152,-1,1244,961,147,83,0.7090549468994141,4,-1,-1
152,-1,954,925,160,104,0.46726974844932556,6,-1,-1
152,-1,954,926,161,104,0.43835166096687317,4,-1,-1
172,-1,696,551,231,118,0.881716251373291,9,-1,-1
172,-1,1976,1119,204,112,0.8689648509025574,4,-1,-1
172,-1,1681,1081,217,148,0.666368305683136,4,-1,-1
172,-1,1797,891,126,52,0.4537152051925659,4,-1,-1
106,-1,2,527,2254,773,0.7373518943786621,11,-1,-1
106,-1,90,465,111,67,0.62242591381073,6,-1,-1
106,-1,1530,483,121,70,0.31668224930763245,6,-1,-1
252,-1,1552,831,145,69,0.7165822982788086,4,-1,-1
252,-1,2096,852,147,53,0.6792618036270142,4,-1,-1
252,-1,1,448,2061,817,0.6289924383163452,11,-1,-1
252,-1,1677,754,128,58,0.5462179183959961,4,-1,-1
79,-1,295,449,102,60,0.756868302822113,6,-1,-1
79,-1,1819,461,93,60,0.7269465327262878,6,-1,-1
79,-1,207,576,66,51,0.49242815375328064,4,-1,-1
79,-1,218,520,49,29,0.29482924938201904,4,-1,-1
79,-1,2,519,2395,722,0.2670709192752838,11,-1,-1
185,-1,463,524,274,134,0.868636965751648,9,-1,-1
185,-1,2347,1164,274,194,0.6567092537879944,6,-1,-1
185,-1,2521,881,197,105,0.5951977968215942,6,-1,-1
185,-1,2663,1207,55,94,0.5129272937774658,4,-1,-1
109,-1,4,517,2250,787,0.6728231310844421,11,-1,-1
109,-1,89,465,107,68,0.6122727394104004,6,-1,-1
109,-1,1508,485,125,72,0.4310077726840973,6,-1,-1
46,-1,1634,867,138,67,0.8131940960884094,4,-1,-1
46,-1,2105,1068,198,93,0.7969244122505188,4,-1,-1
46,-1,329,448,98,61,0.7124156951904297,6,-1,-1
46,-1,192,558,58,36,0.5931099653244019,4,-1,-1
46,-1,284,562,51,32,0.5517397522926331,4,-1,-1
46,-1,0,507,63,44,0.5173958539962769,4,-1,-1
46,-1,1917,451,54,56,0.44520965218544006,6,-1,-1
46,-1,1565,531,125,65,0.4136464595794678,6,-1,-1
46,-1,2016,471,128,74,0.3184213936328888,6,-1,-1
121,-1,14,466,109,68,0.6536988019943237,6,-1,-1
121,-1,1363,493,142,79,0.5360202193260193,6,-1,-1
121,-1,6,500,2309,811,0.399384468793869,11,-1,-1
69,-1,2506,1071,212,94,0.8757044672966003,4,-1,-1
69,-1,315,443,98,62,0.6874103546142578,6,-1,-1
69,-1,156,549,63,50,0.4998331069946289,4,-1,-1
69,-1,1851,451,96,103,0.41478613018989563,6,-1,-1
69,-1,326,531,53,32,0.3407113552093506,4,-1,-1
69,-1,70,412,85,45,0.30371344089508057,6,-1,-1
69,-1,156,549,63,49,0.2855929434299469,6,-1,-1
69,-1,2448,429,42,76,0.2567286193370819,6,-1,-1
9,-1,0,458,62,63,0.6683925986289978,6,-1,-1
9,-1,1383,484,164,109,0.6012810468673706,6,-1,-1
9,-1,453,635,236,107,0.37994149327278137,6,-1,-1
9,-1,1580,435,68,49,0.25084540247917175,6,-1,-1
210,-1,0,595,146,153,0.8661209940910339,9,-1,-1
210,-1,1342,939,165,79,0.8217618465423584,4,-1,-1
210,-1,1066,915,143,78,0.8159379363059998,4,-1,-1
210,-1,1851,789,195,104,0.6056993007659912,6,-1,-1
148,-1,1009,514,179,94,0.8663130402565002,9,-1,-1
148,-1,2036,1094,194,93,0.8145042061805725,4,-1,-1
148,-1,2593,1001,125,52,0.5301405787467957,4,-1,-1
188,-1,398,527,287,139,0.9089900851249695,9,-1,-1
188,-1,2528,1198,189,176,0.40862560272216797,6,-1,-1
188,-1,1546,438,76,29,0.25476545095443726,4,-1,-1
188,-1,349,406,92,45,0.2538382411003113,9,-1,-1
263,-1,2,471,2090,806,0.7855136394500732,11,-1,-1
263,-1,1825,823,141,56,0.40563151240348816,11,-1,-1
263,-1,1826,824,141,54,0.3315142095088959,4,-1,-1
240,-1,2399,1227,250,127,0.9052813053131104,4,-1,-1
240,-1,1960,911,168,73,0.8214927911758423,4,-1,-1
240,-1,1948,804,137,54,0.7723358869552612,4,-1,-1
240,-1,2,460,2108,801,0.6454805135726929,11,-1,-1
240,-1,2417,893,165,58,0.5785895586013794,4,-1,-1
64,-1,2272,1012,191,86,0.8464815616607666,4,-1,-1
64,-1,319,444,97,62,0.6894469261169434,6,-1,-1
64,-1,1875,452,70,56,0.6070086359977722,6,-1,-1
64,-1,124,540,62,46,0.4491509795188904,4,-1,-1
64,-1,0,527,2341,666,0.3591674268245697,11,-1,-1
64,-1,388,541,48,32,0.34617704153060913,4,-1,-1
64,-1,1800,505,92,54,0.3453463017940521,6,-1,-1
64,-1,2128,464,168,69,0.31672146916389465,6,-1,-1
64,-1,328,591,57,37,0.28851819038391113,4,-1,-1
134,-1,1520,977,158,74,0.6184760332107544,4,-1,-1
134,-1,1215,505,155,84,0.5023497939109802,9,-1,-1
134,-1,1216,505,156,84,0.4727367162704468,6,-1,-1
134,-1,2,501,2184,811,0.46442192792892456,11,-1,-1
134,-1,0,469,78,69,0.43791669607162476,6,-1,-1
206,-1,0,577,269,178,0.9142682552337646,9,-1,-1
206,-1,951,892,134,71,0.7132847309112549,4,-1,-1
206,-1,1951,802,201,109,0.6291006207466125,6,-1,-1
206,-1,1203,907,156,76,0.6024019718170166,4,-1,-1
54,-1,1889,929,157,73,0.8310645818710327,4,-1,-1
54,-1,2440,1153,229,109,0.7470492720603943,4,-1,-1
54,-1,326,447,98,64,0.6809490323066711,6,-1,-1
54,-1,57,523,60,46,0.6556812524795532,4,-1,-1
54,-1,2055,467,189,81,0.6424660086631775,6,-1,-1
54,-1,350,581,57,30,0.5600541234016418,4,-1,-1
54,-1,250,577,62,37,0.5487971901893616,4,-1,-1
54,-1,1900,453,65,56,0.5437955856323242,6,-1,-1
54,-1,1675,522,114,57,0.47292235493659973,6,-1,-1
54,-1,495,565,52,30,0.33835887908935547,4,-1,-1
223,-1,1521,1022,173,95,0.8610974550247192,4,-1,-1
223,-1,1891,1064,215,98,0.8574865460395813,4,-1,-1
223,-1,2399,869,162,59,0.6903297901153564,4,-1,-1
223,-1,1551,747,179,96,0.357851505279541,6,-1,-1
223,-1,2697,1054,21,51,0.31258779764175415,4,-1,-1
89,-1,1639,476,104,65,0.668038010597229,6,-1,-1
89,-1,4,520,2290,764,0.6076472401618958,11,-1,-1
89,-1,110,460,107,70,0.5996878147125244,6,-1,-1
89,-1,94,632,82,55,0.550416886806488,4,-1,-1
89,-1,2144,481,168,61,0.27766668796539307,6,-1,-1
202,-1,10,562,371,172,0.9169802665710449,9,-1,-1
241,-1,2466,1241,252,127,0.8957631587982178,4,-1,-1
241,-1,1923,902,167,74,0.8254968523979187,4,-1,-1
241,-1,1924,801,136,54,0.767663300037384,4,-1,-1
241,-1,2387,890,166,60,0.682796835899353,4,-1,-1
241,-1,2,460,2118,798,0.5003232955932617,11,-1,-1
85,-1,203,456,104,64,0.7011820077896118,6,-1,-1
85,-1,1726,468,100,63,0.6464481949806213,6,-1,-1
85,-1,5,520,2329,748,0.5039333701133728,11,-1,-1
85,-1,65,521,52,30,0.47376230359077454,4,-1,-1
85,-1,154,606,75,56,0.32304757833480835,6,-1,-1
53,-1,2389,1140,231,110,0.8320261836051941,4,-1,-1
53,-1,1855,921,154,71,0.823201060295105,4,-1,-1
53,-1,327,446,97,65,0.678896427154541,6,-1,-1
53,-1,1660,523,114,59,0.6442952156066895,6,-1,-1
53,-1,2060,469,177,78,0.6212629675865173,6,-1,-1
53,-1,50,522,58,43,0.617594838142395,4,-1,-1
53,-1,1901,453,66,57,0.5215506553649902,6,-1,-1
53,-1,243,574,61,37,0.4732409119606018,4,-1,-1
53,-1,342,578,49,30,0.4248570203781128,4,-1,-1
53,-1,0,515,2370,676,0.27207309007644653,11,-1,-1
31,-1,1567,940,150,75,0.7713377475738525,4,-1,-1
31,-1,252,448,103,61,0.7304904460906982,6,-1,-1
31,-1,81,537,50,27,0.6272541880607605,4,-1,-1
31,-1,0,533,41,31,0.5456661581993103,4,-1,-1
31,-1,1250,564,154,71,0.5398665070533752,6,-1,-1
31,-1,0,500,40,22,0.5255064964294434,4,-1,-1
31,-1,1833,453,197,108,0.3957504332065582,6,-1,-1
7,-1,0,458,63,63,0.6090244650840759,6,-1,-1
7,-1,388,651,246,108,0.6089006662368774,6,-1,-1
7,-1,1336,486,270,134,0.515568196773529,6,-1,-1
7,-1,2526,1183,192,227,0.42374956607818604,11,-1,-1
219,-1,1365,984,163,96,0.872099757194519,4,-1,-1
219,-1,1703,1022,199,94,0.8580282926559448,4,-1,-1
219,-1,2514,886,170,62,0.6821222901344299,4,-1,-1
219,-1,1638,759,186,95,0.43167635798454285,6,-1,-1
219,-1,1,459,2100,806,0.39583665132522583,11,-1,-1
93,-1,5,520,2275,773,0.7420027852058411,11,-1,-1
93,-1,104,462,108,70,0.6439997553825378,6,-1,-1
93,-1,1616,478,111,67,0.45200055837631226,6,-1,-1
93,-1,1615,478,111,67,0.32169800996780396,9,-1,-1
93,-1,128,646,74,38,0.30433398485183716,4,-1,-1
93,-1,2165,480,178,63,0.2848028242588043,6,-1,-1
35,-1,1740,974,161,79,0.7329546809196472,4,-1,-1
35,-1,1385,554,143,69,0.621493399143219,6,-1,-1
35,-1,334,445,99,63,0.615516722202301,6,-1,-1
35,-1,1354,809,108,48,0.5567013025283813,4,-1,-1
35,-1,57,490,47,27,0.37857285141944885,4,-1,-1
35,-1,106,532,55,36,0.3713496923446655,4,-1,-1
149,-1,1000,515,179,95,0.8595618605613708,9,-1,-1
149,-1,2084,1107,197,87,0.8212063312530518,4,-1,-1
149,-1,2556,999,161,64,0.533008873462677,4,-1,-1
149,-1,1156,938,148,82,0.5145922899246216,4,-1,-1
143,-1,1083,510,169,89,0.8768921494483948,9,-1,-1
143,-1,1830,1051,178,84,0.8170252442359924,4,-1,-1
246,-1,4,437,2106,820,0.7671328783035278,11,-1,-1
246,-1,1746,869,160,66,0.6259044408798218,4,-1,-1
246,-1,1809,784,131,49,0.5724772810935974,4,-1,-1
246,-1,2252,868,157,54,0.5475900173187256,4,-1,-1
225,-1,1991,1086,225,104,0.8809356093406677,4,-1,-1
225,-1,1603,1043,183,97,0.8796164989471436,4,-1,-1
225,-1,2344,861,157,59,0.7134787440299988,4,-1,-1
225,-1,2594,1029,124,79,0.5470356345176697,4,-1,-1
225,-1,1509,741,176,89,0.2823607921600342,6,-1,-1
98,-1,1583,479,121,69,0.7101531028747559,6,-1,-1
98,-1,101,464,104,67,0.6588273048400879,6,-1,-1
30,-1,1518,931,148,75,0.7978296875953674,4,-1,-1
30,-1,227,448,104,62,0.6877520680427551,6,-1,-1
30,-1,1217,565,154,73,0.5289778113365173,6,-1,-1
30,-1,1802,446,196,115,0.4760068655014038,6,-1,-1
30,-1,43,537,52,28,0.39364108443260193,4,-1,-1
83,-1,1777,464,96,61,0.713495135307312,6,-1,-1
83,-1,257,445,102,67,0.7009961605072021,6,-1,-1
83,-1,2,520,2365,728,0.5570477247238159,11,-1,-1
83,-1,193,592,70,52,0.41982516646385193,4,-1,-1
83,-1,140,516,50,30,0.41735589504241943,4,-1,-1
83,-1,2225,477,64,58,0.38183751702308655,6,-1,-1
107,-1,4,525,2249,776,0.6855441927909851,11,-1,-1
107,-1,90,466,109,66,0.6622557640075684,6,-1,-1
107,-1,1519,485,129,71,0.60162353515625,6,-1,-1
189,-1,374,528,291,143,0.9105733633041382,9,-1,-1
189,-1,2588,1213,131,167,0.46185266971588135,6,-1,-1
201,-1,42,559,364,170,0.9126920104026794,9,-1,-1
201,-1,2075,821,212,114,0.3831329345703125,6,-1,-1
132,-1,1235,504,151,83,0.8293087482452393,9,-1,-1
132,-1,1451,963,154,73,0.6476088762283325,4,-1,-1
132,-1,0,471,79,68,0.5962426066398621,6,-1,-1
132,-1,1,534,2175,780,0.3908499777317047,11,-1,-1
212,-1,1128,930,148,79,0.8521389365196228,4,-1,-1
212,-1,1417,954,171,86,0.8350927233695984,4,-1,-1
212,-1,0,606,80,140,0.4767407476902008,9,-1,-1
212,-1,1797,784,200,100,0.41707277297973633,6,-1,-1
102,-1,94,464,108,66,0.6683196425437927,6,-1,-1
102,-1,3,495,2370,811,0.4990997314453125,11,-1,-1
102,-1,1557,480,121,70,0.4539690911769867,6,-1,-1
102,-1,1558,480,121,70,0.31169912219047546,9,-1,-1
114,-1,4,512,2257,795,0.6293053030967712,11,-1,-1
114,-1,85,465,107,67,0.6084139347076416,6,-1,-1
114,-1,1471,488,128,74,0.5659749507904053,6,-1,-1
43,-1,1998,1039,184,90,0.8473232984542847,4,-1,-1
43,-1,1550,849,130,62,0.8121106028556824,4,-1,-1
43,-1,331,447,98,62,0.7303458452224731,6,-1,-1
43,-1,258,556,52,31,0.6140730977058411,4,-1,-1
43,-1,167,550,56,36,0.5855756402015686,4,-1,-1
43,-1,0,505,40,35,0.5365419983863831,4,-1,-1
43,-1,1522,536,124,66,0.534930944442749,6,-1,-1
43,-1,1923,450,50,51,0.4974282383918762,6,-1,-1
164,-1,817,538,210,107,0.9253702163696289,9,-1,-1
164,-1,1637,1050,181,99,0.8488409519195557,4,-1,-1
164,-1,2041,928,134,57,0.7734116315841675,4,-1,-1
164,-1,1348,1008,190,132,0.551737904548645,4,-1,-1
95,-1,3,526,2258,766,0.7871058583259583,11,-1,-1
95,-1,101,464,107,69,0.6319725513458252,6,-1,-1
95,-1,1602,478,112,67,0.5177711248397827,6,-1,-1
112,-1,4,513,2251,790,0.6025956869125366,11,-1,-1
112,-1,84,462,111,70,0.514139711856842,6,-1,-1
112,-1,1484,488,130,72,0.32311537861824036,6,-1,-1
138,-1,1167,506,159,88,0.8554067015647888,9,-1,-1
138,-1,1659,1013,165,74,0.7758901715278625,4,-1,-1
138,-1,3,510,2176,807,0.47712308168411255,11,-1,-1
138,-1,0,470,64,68,0.3669312596321106,9,-1,-1
248,-1,2,456,2091,811,0.7440903186798096,11,-1,-1
248,-1,2196,862,158,57,0.6578694581985474,4,-1,-1
248,-1,1765,776,129,49,0.6070805191993713,4,-1,-1
248,-1,1679,854,153,70,0.6049923300743103,4,-1,-1
5,-1,0,458,63,64,0.6677590012550354,6,-1,-1
5,-1,2473,1214,245,274,0.549740731716156,11,-1,-1
5,-1,320,659,252,115,0.5050678849220276,6,-1,-1
5,-1,1307,493,284,132,0.33293870091438293,6,-1,-1
34,-1,1706,969,160,73,0.7709311246871948,4,-1,-1
34,-1,328,446,98,61,0.6408534049987793,6,-1,-1
34,-1,1365,556,144,71,0.5951228737831116,6,-1,-1
34,-1,56,495,44,23,0.423657089471817,4,-1,-1
34,-1,2047,487,70,62,0.31453272700309753,6,-1,-1
34,-1,95,532,54,36,0.31211748719215393,4,-1,-1
34,-1,748,559,61,30,0.2922505736351013,4,-1,-1
34,-1,1919,459,139,98,0.2802284061908722,6,-1,-1
99,-1,96,464,109,68,0.6843958497047424,6,-1,-1
99,-1,1576,479,123,70,0.6843662261962891,6,-1,-1
99,-1,3,527,2268,776,0.27956870198249817,11,-1,-1
257,-1,1970,842,145,56,0.5580398440361023,4,-1,-1
257,-1,4,448,2096,813,0.5110234022140503,11,-1,-1
23,-1,39,450,110,67,0.7775111198425293,6,-1,-1
23,-1,914,584,176,79,0.42413225769996643,10,-1,-1
23,-1,1680,438,59,46,0.3416536748409271,6,-1,-1
23,-1,1580,479,219,100,0.33432239294052124,6,-1,-1
16,-1,665,610,203,90,0.5638623237609863,6,-1,-1
16,-1,0,458,57,62,0.5366852283477783,6,-1,-1
16,-1,1457,477,148,94,0.39570164680480957,11,-1,-1
16,-1,2510,509,60,25,0.2846454977989197,4,-1,-1
16,-1,3,478,2057,686,0.25127649307250977,11,-1,-1
19,-1,0,459,63,61,0.6170676946640015,6,-1,-1
19,-1,2,491,2038,679,0.25226980447769165,11,-1,-1
137,-1,1183,506,158,86,0.8203449845314026,9,-1,-1
137,-1,1628,1006,163,69,0.7811836004257202,4,-1,-1
137,-1,3,502,2203,817,0.5515841245651245,11,-1,-1
137,-1,0,471,72,68,0.33309805393218994,6,-1,-1
137,-1,0,470,72,70,0.2893754243850708,9,-1,-1
61,-1,2147,990,181,83,0.8572651743888855,4,-1,-1
61,-1,104,538,62,47,0.6998030543327332,4,-1,-1
61,-1,319,445,100,64,0.6690853238105774,6,-1,-1
61,-1,1881,455,70,56,0.5581783652305603,6,-1,-1
61,-1,1763,514,103,54,0.5341429114341736,6,-1,-1
61,-1,0,528,2352,667,0.5144022107124329,11,-1,-1
61,-1,411,550,58,35,0.4653836786746979,4,-1,-1
61,-1,2111,468,117,69,0.2995690405368805,6,-1,-1
61,-1,2111,467,172,73,0.2844385504722595,6,-1,-1
96,-1,3,521,2264,769,0.7491986751556396,11,-1,-1
96,-1,101,463,106,69,0.6350429654121399,6,-1,-1
96,-1,1601,478,108,68,0.540203869342804,9,-1,-1
156,-1,916,525,191,100,0.8684794306755066,9,-1,-1
156,-1,1357,983,161,92,0.8312094211578369,4,-1,-1
156,-1,2448,1187,230,103,0.806540310382843,4,-1,-1
156,-1,2301,967,149,56,0.6801927089691162,4,-1,-1
156,-1,1072,945,169,121,0.5415326952934265,6,-1,-1
156,-1,1072,945,170,120,0.4051988422870636,4,-1,-1
24,-1,66,451,111,64,0.5399079918861389,6,-1,-1
24,-1,961,581,175,78,0.5247531533241272,6,-1,-1
24,-1,4,486,2166,686,0.4121142327785492,11,-1,-1
159,-1,877,529,201,104,0.8148001432418823,9,-1,-1
159,-1,1455,1006,167,94,0.8078985810279846,4,-1,-1
159,-1,1170,966,175,124,0.5809116959571838,4,-1,-1
159,-1,1170,967,175,123,0.5692489743232727,6,-1,-1
159,-1,2200,951,143,60,0.48174524307250977,4,-1,-1
159,-1,2632,1225,86,88,0.2588648200035095,4,-1,-1
33,-1,305,447,99,61,0.7610291242599487,6,-1,-1
33,-1,151,538,50,28,0.6077932119369507,4,-1,-1
33,-1,1659,958,158,78,0.5983930826187134,4,-1,-1
33,-1,61,532,55,34,0.5523041486740112,4,-1,-1
33,-1,1325,559,148,71,0.5449312329292297,6,-1,-1
33,-1,35,495,46,24,0.5256472826004028,4,-1,-1
173,-1,683,553,232,118,0.9167155027389526,9,-1,-1
173,-1,2023,1127,208,117,0.8318246603012085,4,-1,-1
173,-1,1726,1091,222,154,0.5455401539802551,4,-1,-1
173,-1,1767,886,127,50,0.47499385476112366,4,-1,-1
233,-1,1987,1132,214,111,0.893304705619812,4,-1,-1
233,-1,2125,831,143,54,0.7692367434501648,4,-1,-1
233,-1,2237,962,188,80,0.7674977779388428,4,-1,-1
233,-1,2451,1187,266,117,0.7496659159660339,4,-1,-1
233,-1,2627,921,91,40,0.5553617477416992,4,-1,-1
233,-1,4,452,2086,808,0.469521701335907,11,-1,-1
145,-1,1044,510,179,92,0.8892863392829895,9,-1,-1
145,-1,1902,1065,186,87,0.8214204907417297,4,-1,-1
10,-1,0,458,61,63,0.6536074876785278,6,-1,-1
10,-1,487,634,227,103,0.5640347003936768,6,-1,-1
10,-1,1396,487,155,98,0.2682684361934662,6,-1,-1
141,-1,1118,509,164,89,0.8719934821128845,9,-1,-1
141,-1,1759,1035,173,83,0.8115649223327637,4,-1,-1
141,-1,0,475,39,63,0.37357670068740845,9,-1,-1
254,-1,3,448,2104,812,0.765620768070221,11,-1,-1
254,-1,2046,844,145,58,0.40927425026893616,4,-1,-1
176,-1,637,559,241,122,0.9138807058334351,9,-1,-1
176,-1,2171,1154,224,123,0.8431897163391113,4,-1,-1
176,-1,1873,1117,233,161,0.5157489776611328,6,-1,-1
176,-1,1690,870,117,49,0.5085229277610779,4,-1,-1
176,-1,1873,1117,234,159,0.454093873500824,4,-1,-1
184,-1,485,527,272,135,0.9187154769897461,9,-1,-1
184,-1,2602,1199,116,116,0.7629255056381226,4,-1,-1
184,-1,2290,1158,268,191,0.7142757177352905,6,-1,-1
184,-1,2552,890,166,102,0.697627604007721,6,-1,-1
117,-1,84,466,106,63,0.637925386428833,6,-1,-1
117,-1,1447,490,132,75,0.49321049451828003,6,-1,-1
117,-1,2,508,2285,807,0.4102157950401306,11,-1,-1
28,-1,173,445,107,66,0.7380865216255188,6,-1,-1
28,-1,1428,914,141,75,0.5938505530357361,4,-1,-1
28,-1,1132,569,159,75,0.5748334527015686,6,-1,-1
28,-1,1741,473,203,94,0.5275219082832336,6,-1,-1
208,-1,0,586,209,161,0.8871753811836243,9,-1,-1
208,-1,1004,904,141,73,0.8319675326347351,4,-1,-1
208,-1,1272,923,159,78,0.8008538484573364,4,-1,-1
208,-1,1900,795,200,105,0.5993734002113342,6,-1,-1
26,-1,123,450,107,63,0.672146737575531,6,-1,-1
26,-1,1047,574,166,78,0.6617830991744995,6,-1,-1
26,-1,1339,904,137,70,0.6598212122917175,4,-1,-1
26,-1,1676,474,212,86,0.4735131859779358,6,-1,-1
178,-1,600,562,250,125,0.9034703373908997,9,-1,-1
178,-1,2273,1174,230,127,0.8641560077667236,4,-1,-1
178,-1,1974,1136,239,165,0.5227663516998291,4,-1,-1
178,-1,1973,1135,240,169,0.47441741824150085,6,-1,-1
101,-1,94,464,109,67,0.6509367823600769,6,-1,-1
101,-1,1565,480,132,69,0.5304469466209412,6,-1,-1
101,-1,3,515,2321,790,0.41456571221351624,11,-1,-1
110,-1,4,514,2253,788,0.6087985038757324,11,-1,-1
110,-1,89,463,107,69,0.5587328672409058,6,-1,-1
110,-1,1500,485,124,73,0.5333157777786255,6,-1,-1
168,-1,760,544,220,112,0.9079691171646118,9,-1,-1
168,-1,1799,1086,192,107,0.8816453814506531,4,-1,-1
168,-1,1918,912,131,50,0.7479729652404785,4,-1,-1
168,-1,1503,1043,207,145,0.6151275634765625,6,-1,-1
37,-1,1799,990,170,81,0.7838603854179382,4,-1,-1
37,-1,1944,474,201,84,0.7039622068405151,6,-1,-1
37,-1,334,445,98,62,0.5933647155761719,6,-1,-1
37,-1,1398,815,117,55,0.5857323408126831,4,-1,-1
37,-1,1420,550,142,69,0.42498236894607544,6,-1,-1
37,-1,123,535,138,40,0.41447314620018005,4,-1,-1
37,-1,1935,450,48,45,0.36184558272361755,6,-1,-1
37,-1,49,490,42,23,0.2510422468185425,4,-1,-1
231,-1,1886,1108,203,107,0.8984488248825073,4,-1,-1
231,-1,2325,1161,256,117,0.8463030457496643,4,-1,-1
231,-1,2321,978,191,81,0.8157567977905273,4,-1,-1
231,-1,2178,839,148,58,0.7542823553085327,4,-1,-1
231,-1,3,464,2120,808,0.5278432369232178,11,-1,-1
231,-1,2689,936,29,28,0.4299222230911255,4,-1,-1
113,-1,5,509,2279,799,0.7622724175453186,11,-1,-1
113,-1,88,464,104,68,0.560193657875061,6,-1,-1
39,-1,1864,1006,173,84,0.8193433284759521,4,-1,-1
39,-1,1448,826,121,57,0.7726244926452637,4,-1,-1
39,-1,334,446,98,61,0.677634060382843,6,-1,-1
39,-1,1456,547,136,66,0.5131507515907288,6,-1,-1
39,-1,1964,475,193,85,0.46628400683403015,6,-1,-1
39,-1,34,488,45,25,0.4244047701358795,4,-1,-1
39,-1,0,499,19,35,0.41443198919296265,4,-1,-1
39,-1,227,548,51,32,0.31040605902671814,4,-1,-1
39,-1,1933,449,47,50,0.29658243060112,6,-1,-1
224,-1,1561,1033,180,95,0.8697875738143921,4,-1,-1
224,-1,1939,1076,220,101,0.8660293817520142,4,-1,-1
224,-1,2372,865,159,59,0.7430332899093628,4,-1,-1
224,-1,2648,1043,70,67,0.5458382964134216,4,-1,-1
224,-1,1531,744,177,93,0.3301893472671509,6,-1,-1
42,-1,1524,842,127,62,0.7946873307228088,4,-1,-1
42,-1,1964,1030,180,91,0.753162145614624,4,-1,-1
42,-1,332,446,97,63,0.7293025851249695,6,-1,-1
42,-1,1984,473,191,78,0.6035619974136353,6,-1,-1
42,-1,1507,539,127,65,0.5378896594047546,6,-1,-1
42,-1,0,501,35,41,0.5174632668495178,4,-1,-1
42,-1,1922,450,53,52,0.4521033763885498,6,-1,-1
42,-1,251,552,50,32,0.31507930159568787,4,-1,-1
238,-1,2273,1196,238,124,0.8956837058067322,4,-1,-1
238,-1,2036,922,171,79,0.7994390726089478,4,-1,-1
238,-1,1994,813,143,54,0.7446213960647583,4,-1,-1
238,-1,2,457,2115,805,0.6413414478302002,11,-1,-1
238,-1,2473,902,167,59,0.527791440486908,4,-1,-1
78,-1,1823,460,92,60,0.7554205060005188,6,-1,-1
78,-1,299,449,101,60,0.7359556555747986,6,-1,-1
78,-1,201,573,69,52,0.5014922618865967,4,-1,-1
78,-1,1950,501,80,51,0.4146021008491516,6,-1,-1
78,-1,227,520,53,32,0.4009225368499756,4,-1,-1
78,-1,4,506,2379,728,0.3419424593448639,11,-1,-1
119,-1,3,509,2307,807,0.6283659934997559,11,-1,-1
119,-1,1415,490,136,78,0.6099605560302734,9,-1,-1
119,-1,64,465,109,66,0.5940796732902527,6,-1,-1
195,-1,221,543,324,154,0.8947280645370483,9,-1,-1
195,-1,2234,843,222,112,0.4314999580383301,6,-1,-1
57,-1,1997,955,163,76,0.8422223329544067,4,-1,-1
57,-1,325,447,95,64,0.7028677463531494,6,-1,-1
57,-1,77,529,60,46,0.6895931363105774,4,-1,-1
57,-1,1712,518,106,57,0.5643802881240845,6,-1,-1
57,-1,2579,1188,140,86,0.5629364252090454,4,-1,-1
57,-1,1897,454,63,54,0.527488112449646,6,-1,-1
57,-1,274,581,58,34,0.420917809009552,4,-1,-1
57,-1,0,519,2344,674,0.40122491121292114,11,-1,-1
65,-1,2316,1022,196,88,0.8544782996177673,4,-1,-1
65,-1,318,444,99,62,0.6576215028762817,6,-1,-1
65,-1,1872,453,72,55,0.5910562872886658,6,-1,-1
65,-1,129,541,64,48,0.5687966346740723,4,-1,-1
65,-1,74,412,85,45,0.4740821123123169,6,-1,-1
65,-1,369,537,55,33,0.4490906000137329,4,-1,-1
65,-1,0,540,2322,652,0.4060155749320984,11,-1,-1
65,-1,1808,507,94,53,0.36298373341560364,6,-1,-1
65,-1,2130,467,69,62,0.3487412929534912,6,-1,-1
94,-1,3,517,2281,776,0.6457615494728088,11,-1,-1
94,-1,103,462,106,68,0.5748069286346436,6,-1,-1
94,-1,1609,478,113,66,0.5230906009674072,6,-1,-1
94,-1,1610,478,111,66,0.4159632623195648,9,-1,-1
94,-1,2171,480,178,68,0.38372543454170227,6,-1,-1
48,-1,1693,885,144,66,0.8441272974014282,4,-1,-1
48,-1,2182,1088,204,97,0.7430059909820557,4,-1,-1
48,-1,327,448,100,61,0.7347168326377869,6,-1,-1
48,-1,206,562,56,36,0.683713436126709,4,-1,-1
48,-1,302,567,50,30,0.6396096348762512,4,-1,-1
48,-1,18,512,55,42,0.5581741333007812,4,-1,-1
48,-1,1918,451,51,56,0.5529426336288452,6,-1,-1
48,-1,1590,530,122,62,0.3784925043582916,6,-1,-1
48,-1,0,520,2353,674,0.36867356300354004,11,-1,-1
48,-1,2029,471,180,78,0.3626684546470642,6,-1,-1
48,-1,86,416,82,45,0.31049609184265137,6,-1,-1
215,-1,1225,954,153,82,0.8593440651893616,4,-1,-1
215,-1,1533,985,182,85,0.8275936841964722,4,-1,-1
215,-1,1731,769,190,105,0.4441336393356323,6,-1,-1
215,-1,2633,902,85,50,0.37784910202026367,4,-1,-1
75,-1,305,448,100,62,0.7385937571525574,6,-1,-1
75,-1,1832,457,90,61,0.7073118686676025,6,-1,-1
75,-1,186,566,66,52,0.7062019109725952,4,-1,-1
75,-1,2197,470,172,64,0.6397721171379089,6,-1,-1
75,-1,259,524,54,31,0.6259511709213257,4,-1,-1
75,-1,1918,494,85,58,0.3809640109539032,6,-1,-1
182,-1,527,543,261,131,0.9158232808113098,9,-1,-1
182,-1,2487,1195,232,135,0.734187662601471,4,-1,-1
182,-1,2180,1154,258,176,0.6842784881591797,6,-1,-1
182,-1,2612,916,106,95,0.3918405771255493,6,-1,-1
11,-1,517,630,226,99,0.5709603428840637,6,-1,-1
11,-1,0,458,60,63,0.5467724204063416,6,-1,-1
11,-1,1404,484,235,107,0.49799343943595886,6,-1,-1
11,-1,1582,434,86,52,0.28211891651153564,6,-1,-1
207,-1,0,582,240,163,0.9111054539680481,9,-1,-1
207,-1,978,899,137,72,0.8288077116012573,4,-1,-1
207,-1,1233,913,164,79,0.8088674545288086,4,-1,-1
207,-1,1924,798,201,102,0.4163092374801636,6,-1,-1
265,-1,5,450,2112,818,0.7843900322914124,11,-1,-1
265,-1,1775,819,139,49,0.3062019646167755,11,-1,-1
218,-1,1332,975,158,87,0.8563692569732666,4,-1,-1
218,-1,1658,1012,196,92,0.8458698391914368,4,-1,-1
218,-1,1662,758,186,105,0.5625978112220764,6,-1,-1
218,-1,2546,890,169,59,0.5366769433021545,4,-1,-1
218,-1,1,455,2103,807,0.5008249282836914,11,-1,-1
228,-1,2153,1123,238,107,0.8788390755653381,4,-1,-1
228,-1,1739,1075,193,102,0.8713699579238892,4,-1,-1
228,-1,2456,1002,204,88,0.8237821459770203,4,-1,-1
228,-1,2257,852,156,56,0.6688024997711182,4,-1,-1
228,-1,3,454,2110,820,0.5828059315681458,11,-1,-1
228,-1,1449,733,168,92,0.29305562376976013,6,-1,-1
247,-1,1787,779,133,50,0.7142497897148132,4,-1,-1
247,-1,2,455,2079,811,0.6760913133621216,11,-1,-1
247,-1,2225,855,156,67,0.6354186534881592,4,-1,-1
247,-1,1714,860,153,70,0.6281795501708984,4,-1,-1
135,-1,1205,506,156,83,0.7894558906555176,9,-1,-1
135,-1,3,500,2194,809,0.7512245774269104,11,-1,-1
135,-1,1555,984,161,76,0.4810822010040283,4,-1,-1
135,-1,0,470,77,68,0.3497803807258606,6,-1,-1
154,-1,939,523,189,98,0.8625744581222534,9,-1,-1
154,-1,1297,968,156,91,0.754548192024231,4,-1,-1
154,-1,2339,1164,217,100,0.7237181067466736,4,-1,-1
154,-1,2371,975,150,61,0.6202971339225769,4,-1,-1
154,-1,1011,932,166,117,0.4172607958316803,4,-1,-1
154,-1,1011,932,165,118,0.40644481778144836,6,-1,-1
131,-1,0,471,81,68,0.6672995090484619,6,-1,-1
131,-1,1246,503,148,83,0.5898723602294922,9,-1,-1
131,-1,3,517,2181,803,0.5372372269630432,11,-1,-1
131,-1,1418,958,153,69,0.4178100526332855,4,-1,-1
147,-1,1023,514,175,92,0.8807832598686218,9,-1,-1
147,-1,1991,1086,188,90,0.8596760630607605,4,-1,-1
147,-1,2634,1008,84,46,0.3265100419521332,4,-1,-1
260,-1,4,456,2097,817,0.7556043863296509,11,-1,-1
260,-1,1899,836,142,52,0.3412434756755829,4,-1,-1
125,-1,1299,495,143,81,0.6354358792304993,6,-1,-1
125,-1,0,469,87,67,0.575715184211731,6,-1,-1
125,-1,2,504,2189,804,0.3683972954750061,11,-1,-1
130,-1,1256,503,145,83,0.7629719376564026,9,-1,-1
130,-1,0,471,81,68,0.6224380135536194,6,-1,-1
130,-1,1389,950,141,68,0.4852568507194519,4,-1,-1
130,-1,3,518,2180,798,0.4188164472579956,11,-1,-1
175,-1,653,557,238,122,0.9212465882301331,9,-1,-1
175,-1,2122,1145,218,120,0.8280680775642395,4,-1,-1
175,-1,1825,1108,229,155,0.5713569521903992,6,-1,-1
175,-1,1715,875,123,53,0.4462660849094391,4,-1,-1
175,-1,1826,1108,226,156,0.3967648148536682,4,-1,-1
203,-1,0,566,352,174,0.9271017909049988,9,-1,-1
203,-1,2023,812,208,109,0.3389766216278076,6,-1,-1
45,-1,2068,1057,193,96,0.85499507188797,4,-1,-1
45,-1,1602,861,138,67,0.808957040309906,4,-1,-1
45,-1,329,449,98,59,0.732175350189209,6,-1,-1
45,-1,184,556,56,36,0.49908116459846497,4,-1,-1
45,-1,1921,451,51,51,0.4509645104408264,6,-1,-1
45,-1,0,512,52,35,0.32190531492233276,4,-1,-1
45,-1,0,524,2384,668,0.32021522521972656,11,-1,-1
45,-1,277,562,50,29,0.26130977272987366,4,-1,-1
259,-1,4,459,2101,811,0.7777883410453796,11,-1,-1
259,-1,1921,840,145,52,0.630684494972229,4,-1,-1
259,-1,1544,753,119,43,0.2553017735481262,4,-1,-1
1,-1,156,686,290,118,0.6156805753707886,6,-1,-1
1,-1,0,458,65,65,0.6117267608642578,6,-1,-1
1,-1,1255,499,214,136,0.5354388356208801,6,-1,-1
1,-1,1541,434,88,71,0.3863190710544586,6,-1,-1
1,-1,2305,1127,413,284,0.3491728901863098,6,-1,-1
1,-1,1445,509,112,87,0.32733413577079773,6,-1,-1
1,-1,1256,502,301,133,0.2945000231266022,6,-1,-1
133,-1,1225,504,154,83,0.7547001838684082,9,-1,-1
133,-1,0,470,78,68,0.5279765725135803,6,-1,-1
133,-1,1485,973,156,71,0.47854387760162354,4,-1,-1
214,-1,1494,973,179,87,0.8589258193969727,4,-1,-1
214,-1,1194,945,150,81,0.8433224558830261,4,-1,-1
214,-1,1750,775,197,97,0.4034219980239868,6,-1,-1
214,-1,2664,909,54,38,0.32771599292755127,4,-1,-1
22,-1,871,587,185,79,0.47792747616767883,11,-1,-1
22,-1,4,474,2133,694,0.3587000370025635,11,-1,-1
22,-1,11,449,113,69,0.27821946144104004,6,-1,-1
226,-1,2044,1098,228,106,0.8922336101531982,4,-1,-1
226,-1,1649,1054,185,97,0.8799274563789368,4,-1,-1
226,-1,2316,857,156,59,0.7540875673294067,4,-1,-1
226,-1,3,448,2104,826,0.4176945090293884,11,-1,-1
226,-1,1490,738,173,88,0.34898069500923157,6,-1,-1
226,-1,2549,1021,170,85,0.3417605459690094,4,-1,-1
50,-1,1756,899,147,72,0.8339231610298157,4,-1,-1
50,-1,2261,1110,216,99,0.8277713060379028,4,-1,-1
50,-1,33,516,54,44,0.7013540267944336,4,-1,-1
50,-1,327,447,99,64,0.6525439620018005,6,-1,-1
50,-1,0,523,2375,669,0.635820209980011,11,-1,-1
50,-1,1910,452,61,55,0.4847204387187958,6,-1,-1
50,-1,316,572,54,32,0.4773150682449341,4,-1,-1
50,-1,2041,471,179,82,0.4607122838497162,6,-1,-1
50,-1,224,567,53,38,0.45779353380203247,4,-1,-1
50,-1,1620,526,123,61,0.45513826608657837,6,-1,-1
139,-1,1147,508,164,86,0.8470820784568787,9,-1,-1
139,-1,1693,1020,167,76,0.7516171336174011,4,-1,-1
139,-1,0,472,56,67,0.44125041365623474,9,-1,-1
139,-1,3,501,2202,816,0.25789591670036316,11,-1,-1
74,-1,305,448,101,61,0.7513129711151123,6,-1,-1
74,-1,182,562,67,51,0.6741700768470764,4,-1,-1
74,-1,1836,457,87,57,0.640023946762085,6,-1,-1
74,-1,2192,468,169,64,0.5239724516868591,6,-1,-1
74,-1,1907,499,85,55,0.3834701478481293,6,-1,-1
74,-1,272,523,53,33,0.3570311963558197,4,-1,-1
128,-1,4,520,2168,790,0.6155384182929993,11,-1,-1
128,-1,1274,501,143,80,0.5108756422996521,6,-1,-1
128,-1,0,468,83,70,0.48771533370018005,6,-1,-1
128,-1,1274,500,145,81,0.38536471128463745,9,-1,-1
68,-1,2456,1059,209,93,0.8552719950675964,4,-1,-1
68,-1,1830,451,108,107,0.6815991401672363,6,-1,-1
68,-1,313,442,101,62,0.6748957633972168,6,-1,-1
68,-1,150,546,63,50,0.533751368522644,4,-1,-1
68,-1,338,532,55,32,0.5201547741889954,4,-1,-1
68,-1,352,597,71,38,0.265191912651062,4,-1,-1
234,-1,2041,1144,219,114,0.8805351853370667,4,-1,-1
234,-1,2194,954,184,79,0.7661270499229431,4,-1,-1
234,-1,2099,828,143,55,0.7409027814865112,4,-1,-1
234,-1,2517,1204,202,110,0.6524909734725952,4,-1,-1
234,-1,4,455,2084,805,0.37784552574157715,11,-1,-1
234,-1,2592,915,127,45,0.3180977702140808,4,-1,-1
234,-1,354,548,66,37,0.27657678723335266,4,-1,-1
124,-1,1309,494,141,80,0.6332246661186218,9,-1,-1
124,-1,0,467,87,68,0.41719725728034973,6,-1,-1
124,-1,2,505,2214,803,0.36940881609916687,11,-1,-1
126,-1,0,469,84,67,0.5690773129463196,6,-1,-1
126,-1,1292,497,142,80,0.5156320929527283,6,-1,-1
126,-1,2,498,2203,814,0.42189791798591614,11,-1,-1
262,-1,4,459,2093,814,0.7565578818321228,11,-1,-1
262,-1,1849,829,142,53,0.5127040147781372,4,-1,-1
262,-1,1272,797,124,59,0.26235339045524597,4,-1,-1
47,-1,2142,1076,203,98,0.8312355279922485,4,-1,-1
47,-1,1664,876,139,66,0.8279082179069519,4,-1,-1
47,-1,327,448,100,61,0.7525086402893066,6,-1,-1
47,-1,1579,531,126,63,0.620826780796051,6,-1,-1
47,-1,11,510,54,41,0.6087621450424194,4,-1,-1
47,-1,1919,451,50,54,0.6009430885314941,6,-1,-1
47,-1,290,567,55,28,0.5520546436309814,4,-1,-1
47,-1,196,559,59,38,0.452871710062027,4,-1,-1
47,-1,2019,472,132,72,0.37432822585105896,6,-1,-1
47,-1,2135,482,69,61,0.32483750581741333,6,-1,-1
18,-1,715,600,200,86,0.540653645992279,6,-1,-1
18,-1,0,459,57,61,0.43913987278938293,6,-1,-1
18,-1,3,496,2050,668,0.28011226654052734,11,-1,-1
160,-1,1490,1015,170,96,0.8318490386009216,4,-1,-1
160,-1,867,531,202,104,0.7065955400466919,9,-1,-1
160,-1,1205,975,176,126,0.6696395874023438,4,-1,-1
160,-1,2170,946,137,60,0.5204589366912842,4,-1,-1
177,-1,618,560,246,122,0.903203010559082,9,-1,-1
177,-1,2221,1167,226,119,0.8416253924369812,4,-1,-1
177,-1,1923,1127,239,165,0.46049216389656067,4,-1,-1
177,-1,1,511,2136,838,0.27803853154182434,11,-1,-1
123,-1,0,464,90,72,0.5526342988014221,6,-1,-1
123,-1,1321,494,137,78,0.4010608494281769,6,-1,-1
123,-1,3,500,2222,818,0.38234004378318787,11,-1,-1
123,-1,1321,494,138,78,0.3409545421600342,9,-1,-1
29,-1,1472,923,143,76,0.7532509565353394,4,-1,-1
29,-1,200,448,106,63,0.5377853512763977,6,-1,-1
29,-1,1773,442,199,119,0.4154999852180481,6,-1,-1
29,-1,0,534,56,31,0.4031068980693817,4,-1,-1
29,-1,1771,444,201,120,0.3208954930305481,11,-1,-1
29,-1,1171,569,154,74,0.3120814561843872,6,-1,-1
29,-1,3,490,2293,697,0.30843794345855713,11,-1,-1
29,-1,0,421,33,41,0.2753245234489441,4,-1,-1
194,-1,247,540,320,153,0.8977693915367126,9,-1,-1
194,-1,2261,844,225,125,0.4879745841026306,6,-1,-1
44,-1,2033,1049,189,90,0.8208711743354797,4,-1,-1
44,-1,1579,856,131,63,0.8155152797698975,4,-1,-1
44,-1,330,448,98,61,0.71125328540802,6,-1,-1
44,-1,0,507,47,36,0.4849567413330078,4,-1,-1
44,-1,1921,450,52,50,0.403044730424881,6,-1,-1
44,-1,2003,471,182,79,0.34046247601509094,6,-1,-1
44,-1,1537,534,124,67,0.26854822039604187,6,-1,-1
217,-1,1294,968,157,85,0.8689932227134705,4,-1,-1
217,-1,1615,1003,192,87,0.8469094634056091,4,-1,-1
217,-1,2573,892,145,62,0.5858837366104126,4,-1,-1
217,-1,1684,765,189,97,0.5792044997215271,6,-1,-1
217,-1,2,449,2110,820,0.46523892879486084,11,-1,-1
197,-1,163,548,338,160,0.9001256227493286,9,-1,-1
197,-1,2181,835,219,105,0.5292083024978638,6,-1,-1
197,-1,288,405,108,52,0.2816144824028015,9,-1,-1
52,-1,1822,915,151,70,0.8415825366973877,4,-1,-1
52,-1,2347,1131,222,105,0.7954201102256775,4,-1,-1
52,-1,2053,471,182,75,0.6636123061180115,6,-1,-1
52,-1,326,447,99,64,0.6589856743812561,6,-1,-1
52,-1,1646,523,120,60,0.6103123426437378,6,-1,-1
52,-1,43,521,57,43,0.6006276607513428,4,-1,-1
52,-1,235,571,60,38,0.5833916068077087,4,-1,-1
52,-1,1907,452,61,55,0.5510945916175842,6,-1,-1
52,-1,333,576,57,31,0.5004591941833496,4,-1,-1
52,-1,0,520,2362,675,0.3383994400501251,11,-1,-1
52,-1,516,568,56,32,0.2900609076023102,4,-1,-1
239,-1,2337,1211,241,125,0.8829168677330017,4,-1,-1
239,-1,1999,916,168,77,0.7563654780387878,4,-1,-1
239,-1,1971,809,139,52,0.7255207896232605,4,-1,-1
239,-1,2445,898,168,54,0.6576494574546814,4,-1,-1
239,-1,1,458,2112,800,0.5389519333839417,11,-1,-1
86,-1,5,538,2293,736,0.7064136266708374,11,-1,-1
86,-1,175,457,105,69,0.6789964437484741,6,-1,-1
86,-1,1699,473,102,63,0.5988357663154602,6,-1,-1
86,-1,27,525,53,30,0.42982688546180725,4,-1,-1
86,-1,135,616,75,57,0.3322194218635559,6,-1,-1
232,-1,1935,1121,208,109,0.8909217119216919,4,-1,-1
232,-1,2388,1174,262,118,0.8424202799797058,4,-1,-1
232,-1,2279,970,188,79,0.7487976551055908,4,-1,-1
232,-1,2151,835,152,56,0.6457896828651428,4,-1,-1
232,-1,3,463,2092,801,0.6204298138618469,11,-1,-1
232,-1,2655,929,63,33,0.3666203022003174,4,-1,-1
38,-1,1834,997,168,85,0.8116258978843689,4,-1,-1
38,-1,1422,819,122,59,0.789503276348114,4,-1,-1
38,-1,1947,475,202,91,0.6987252831459045,6,-1,-1
38,-1,334,445,99,63,0.6592644453048706,6,-1,-1
38,-1,1933,450,49,50,0.48568686842918396,6,-1,-1
38,-1,1445,548,133,69,0.43449270725250244,6,-1,-1
38,-1,133,541,52,34,0.3580259382724762,4,-1,-1
38,-1,41,491,45,23,0.2889406383037567,4,-1,-1
71,-1,2616,1099,102,78,0.7395623922348022,4,-1,-1
71,-1,309,442,102,64,0.6905260682106018,6,-1,-1
71,-1,2169,467,173,66,0.5993216633796692,6,-1,-1
71,-1,167,553,64,53,0.46620431542396545,4,-1,-1
71,-1,1847,454,84,57,0.39756646752357483,6,-1,-1
71,-1,306,528,53,32,0.2712884545326233,4,-1,-1
118,-1,1433,489,133,79,0.6298671364784241,9,-1,-1
118,-1,78,465,106,65,0.6265221834182739,6,-1,-1
118,-1,2,513,2290,805,0.4878738224506378,11,-1,-1
118,-1,1434,488,131,79,0.4654799997806549,6,-1,-1
51,-1,1788,907,150,68,0.8366712331771851,4,-1,-1
51,-1,2305,1118,216,105,0.8257632255554199,4,-1,-1
51,-1,327,447,98,64,0.6686214804649353,6,-1,-1
51,-1,2045,472,180,73,0.6653268933296204,6,-1,-1
51,-1,36,517,60,44,0.620573103427887,4,-1,-1
51,-1,1634,525,114,59,0.6026283502578735,6,-1,-1
51,-1,230,571,57,37,0.5010316371917725,4,-1,-1
51,-1,325,575,51,31,0.4886741638183594,4,-1,-1
51,-1,1910,452,62,56,0.4842834174633026,6,-1,-1
51,-1,0,518,2366,678,0.29042279720306396,11,-1,-1
12,-1,548,625,220,100,0.5259754061698914,6,-1,-1
12,-1,0,458,60,63,0.45970991253852844,6,-1,-1
12,-1,0,482,2055,686,0.2794613540172577,11,-1,-1
245,-1,3,448,2094,809,0.8365799188613892,11,-1,-1
245,-1,1781,875,159,68,0.6952172517776489,4,-1,-1
245,-1,1832,786,132,53,0.6447106599807739,4,-1,-1
245,-1,2278,872,160,54,0.5496547818183899,4,-1,-1
88,-1,4,525,2273,759,0.7252429127693176,11,-1,-1
88,-1,124,466,107,64,0.7101356387138367,6,-1,-1
88,-1,1654,476,103,63,0.644588053226471,6,-1,-1
88,-1,98,628,83,58,0.47295281291007996,4,-1,-1
213,-1,1454,962,175,88,0.8582898378372192,4,-1,-1
213,-1,1162,935,148,82,0.8575938940048218,4,-1,-1
213,-1,1779,779,193,102,0.46125897765159607,6,-1,-1
213,-1,0,614,44,129,0.2755422592163086,6,-1,-1
190,-1,352,530,297,144,0.941093921661377,9,-1,-1
190,-1,2655,1229,63,150,0.4022740125656128,6,-1,-1
190,-1,1544,437,71,30,0.2569558024406433,4,-1,-1
158,-1,891,527,198,102,0.8694496154785156,9,-1,-1
158,-1,1422,1001,164,91,0.7998334765434265,4,-1,-1
158,-1,2570,1212,149,93,0.6119315028190613,4,-1,-1
158,-1,2236,956,143,62,0.5140320062637329,4,-1,-1
158,-1,1137,959,173,124,0.5054569244384766,4,-1,-1
158,-1,1136,959,174,124,0.4693867564201355,6,-1,-1
4,-1,0,457,63,65,0.6700413227081299,6,-1,-1
4,-1,278,668,264,110,0.6493263244628906,6,-1,-1
4,-1,1294,493,287,133,0.5342100858688354,6,-1,-1
4,-1,1543,434,96,63,0.3062923550605774,6,-1,-1
4,-1,2413,1174,305,278,0.2840171456336975,11,-1,-1
4,-1,0,485,2058,684,0.25329890847206116,6,-1,-1
87,-1,147,465,105,62,0.651125431060791,6,-1,-1
87,-1,1674,473,104,64,0.594577431678772,6,-1,-1
87,-1,0,523,40,32,0.5708867907524109,4,-1,-1
87,-1,4,525,2283,753,0.3332103192806244,11,-1,-1
87,-1,114,622,78,58,0.3203977346420288,6,-1,-1
87,-1,1924,506,79,48,0.26645830273628235,6,-1,-1
90,-1,1633,477,105,66,0.6766787767410278,6,-1,-1
90,-1,109,465,107,67,0.6012115478515625,6,-1,-1
90,-1,3,532,2266,751,0.48690998554229736,11,-1,-1
90,-1,89,635,95,56,0.37163180112838745,4,-1,-1
90,-1,2149,480,167,62,0.300589382648468,6,-1,-1
32,-1,278,448,101,61,0.7314251661300659,6,-1,-1
32,-1,1292,562,149,71,0.7057992815971375,6,-1,-1
32,-1,29,532,49,32,0.5936415195465088,4,-1,-1
32,-1,116,537,49,28,0.5486106276512146,4,-1,-1
32,-1,1858,472,201,93,0.5124214291572571,6,-1,-1
32,-1,8,500,54,22,0.4858691096305847,4,-1,-1
32,-1,3,541,2319,654,0.30188676714897156,11,-1,-1
167,-1,773,543,219,112,0.9168741106987,9,-1,-1
167,-1,1758,1074,190,109,0.8430401682853699,4,-1,-1
167,-1,1948,916,131,52,0.7487531304359436,4,-1,-1
167,-1,1463,1034,201,141,0.530274510383606,4,-1,-1
8,-1,0,458,63,63,0.6028004884719849,6,-1,-1
8,-1,419,646,242,104,0.49977442622184753,6,-1,-1
8,-1,1371,487,170,108,0.3482896089553833,6,-1,-1
8,-1,2564,1191,154,232,0.3384763300418854,6,-1,-1
8,-1,1360,487,254,122,0.32686498761177063,6,-1,-1
236,-1,2155,1170,224,118,0.8901191353797913,4,-1,-1
236,-1,2112,938,181,81,0.7815762758255005,4,-1,-1
236,-1,2047,822,142,55,0.7304539680480957,4,-1,-1
236,-1,2533,909,172,58,0.6865248084068298,4,-1,-1
236,-1,2652,1232,66,85,0.5432923436164856,4,-1,-1
236,-1,3,443,2131,822,0.4500255584716797,11,-1,-1
166,-1,787,540,216,111,0.8963497281074524,9,-1,-1
166,-1,1718,1068,186,104,0.8298364877700806,4,-1,-1
166,-1,1978,921,132,51,0.7110814452171326,4,-1,-1
166,-1,1423,1025,198,143,0.5089325904846191,4,-1,-1
166,-1,1423,1026,197,142,0.4433177411556244,6,-1,-1
