237,-1,2215,1182,230,120,0.9004226326942444,4,-1,-1
237,-1,2075,929,174,76,0.8673880696296692,4,-1,-1
237,-1,2021,816,140,54,0.8603730797767639,4,-1,-1
237,-1,2501,904,174,63,0.8348951935768127,4,-1,-1
237,-1,352,549,70,34,0.4503069519996643,4,-1,-1
196,-1,190,547,333,154,0.9200142621994019,9,-1,-1
196,-1,2207,839,220,114,0.8928181529045105,6,-1,-1
60,-1,2109,980,174,78,0.8892072439193726,4,-1,-1
60,-1,319,447,101,63,0.8564328551292419,6,-1,-1
60,-1,2057,466,221,84,0.8410767912864685,6,-1,-1
60,-1,1751,510,106,62,0.8174302577972412,7,-1,-1
60,-1,76,416,85,45,0.7572018504142761,6,-1,-1
60,-1,299,589,62,34,0.7109364867210388,4,-1,-1
60,-1,1751,510,105,62,0.4951273500919342,6,-1,-1
60,-1,98,538,59,42,0.4851170480251312,4,-1,-1
60,-1,425,553,54,31,0.4494016170501709,4,-1,-1
92,-1,104,463,110,67,0.8470060229301453,6,-1,-1
92,-1,2157,472,183,75,0.7268063426017761,6,-1,-1
92,-1,1935,503,76,47,0.7022091150283813,7,-1,-1
92,-1,1620,477,111,65,0.5961323976516724,9,-1,-1
92,-1,1621,477,110,64,0.5167314410209656,6,-1,-1
92,-1,558,590,66,34,0.4171944856643677,4,-1,-1
180,-1,561,561,261,125,0.8919610977172852,9,-1,-1
180,-1,2380,1191,238,130,0.8827733993530273,4,-1,-1
180,-1,1576,841,118,55,0.694922685623169,7,-1,-1
180,-1,2076,1152,249,176,0.6891023516654968,6,-1,-1
180,-1,2675,942,44,102,0.649827778339386,6,-1,-1
20,-1,1484,477,239,112,0.8350415825843811,6,-1,-1
20,-1,787,588,186,91,0.8198267221450806,7,-1,-1
20,-1,0,449,78,70,0.7447317838668823,6,-1,-1
20,-1,1085,869,129,71,0.6098695397377014,4,-1,-1
151,-1,2183,1127,201,96,0.8732612729072571,4,-1,-1
151,-1,972,518,185,95,0.8677766919136047,9,-1,-1
151,-1,1212,949,149,86,0.8601880669593811,4,-1,-1
151,-1,2483,990,155,63,0.8520961403846741,4,-1,-1
151,-1,924,915,161,105,0.7847675681114197,6,-1,-1
249,-1,1647,848,150,70,0.8729135990142822,4,-1,-1
249,-1,1743,766,127,54,0.8646456599235535,4,-1,-1
249,-1,2172,857,151,59,0.8519874811172485,4,-1,-1
249,-1,1624,672,73,76,0.2910934090614319,6,-1,-1
17,-1,1440,478,245,120,0.833770215511322,6,-1,-1
17,-1,686,601,206,97,0.8266355395317078,7,-1,-1
17,-1,0,453,57,68,0.6371867060661316,6,-1,-1
17,-1,1595,435,66,50,0.3989686667919159,5,-1,-1
62,-1,2188,996,181,81,0.8841916918754578,4,-1,-1
62,-1,316,446,104,63,0.860342800617218,6,-1,-1
62,-1,1775,506,103,63,0.7447604537010193,7,-1,-1
62,-1,2111,467,176,74,0.7283865809440613,6,-1,-1
62,-1,75,416,85,46,0.7253466844558716,6,-1,-1
62,-1,1776,505,101,63,0.6403068900108337,6,-1,-1
62,-1,403,549,54,31,0.5609726905822754,7,-1,-1
62,-1,306,592,69,38,0.5438098311424255,4,-1,-1
62,-1,111,540,60,45,0.5280661582946777,4,-1,-1
62,-1,1879,453,72,58,0.4008326232433319,6,-1,-1
251,-1,1586,837,144,67,0.8654813766479492,4,-1,-1
251,-1,1702,760,123,54,0.8526340126991272,4,-1,-1
251,-1,2121,852,148,59,0.8520355820655823,4,-1,-1
66,-1,316,443,102,61,0.8822975158691406,6,-1,-1
66,-1,2362,1034,197,87,0.8814098834991455,4,-1,-1
66,-1,71,407,88,49,0.7609294056892395,6,-1,-1
66,-1,2119,461,195,82,0.7426501512527466,6,-1,-1
66,-1,139,543,61,46,0.6301712393760681,4,-1,-1
66,-1,359,536,54,31,0.6277357339859009,4,-1,-1
66,-1,1823,496,97,62,0.6062175631523132,7,-1,-1
66,-1,345,593,62,42,0.569644570350647,4,-1,-1
66,-1,1823,496,96,62,0.33170032501220703,6,-1,-1
66,-1,1840,451,104,58,0.311870813369751,6,-1,-1
2,-1,197,675,280,124,0.8353184461593628,7,-1,-1
2,-1,1295,496,270,124,0.834198534488678,6,-1,-1
2,-1,0,453,64,69,0.6125093102455139,6,-1,-1
179,-1,572,562,265,126,0.9048846960067749,9,-1,-1
179,-1,2328,1186,234,127,0.8986821174621582,4,-1,-1
179,-1,2025,1146,245,171,0.84602952003479,6,-1,-1
179,-1,1605,846,118,58,0.7740450501441956,7,-1,-1
157,-1,1104,952,170,121,0.8950523734092712,5,-1,-1
157,-1,896,524,205,103,0.8845923542976379,9,-1,-1
157,-1,2266,959,145,63,0.869275689125061,4,-1,-1
157,-1,2510,1197,209,113,0.8688654899597168,4,-1,-1
157,-1,1391,990,160,92,0.8579069375991821,4,-1,-1
103,-1,1550,481,121,70,0.877739667892456,9,-1,-1
103,-1,91,461,111,70,0.8063018321990967,6,-1,-1
103,-1,2216,474,145,71,0.4363419711589813,6,-1,-1
103,-1,2025,502,63,43,0.38655537366867065,7,-1,-1
169,-1,1546,1051,207,150,0.8958380818367004,5,-1,-1
169,-1,743,547,224,110,0.8923237323760986,9,-1,-1
169,-1,1844,1094,192,107,0.8880733847618103,4,-1,-1
169,-1,1889,903,126,57,0.8485543727874756,4,-1,-1
169,-1,462,461,101,44,0.34975871443748474,6,-1,-1
174,-1,664,557,239,116,0.900529146194458,9,-1,-1
174,-1,2074,1135,211,118,0.8918344974517822,4,-1,-1
174,-1,1743,878,121,51,0.8482615947723389,4,-1,-1
174,-1,1777,1098,222,156,0.8382315635681152,5,-1,-1
242,-1,2534,1255,185,129,0.8812749981880188,4,-1,-1
242,-1,1901,796,135,53,0.863199770450592,4,-1,-1
242,-1,1887,896,163,72,0.8618118762969971,4,-1,-1
242,-1,2361,884,163,64,0.8512914180755615,4,-1,-1
242,-1,0,611,60,38,0.5467636585235596,4,-1,-1
242,-1,349,549,72,34,0.4302329123020172,4,-1,-1
3,-1,1308,494,267,136,0.8586500883102417,6,-1,-1
3,-1,237,671,277,117,0.7228975892066956,7,-1,-1
3,-1,0,453,64,69,0.653040885925293,6,-1,-1
165,-1,1678,1056,180,101,0.8992728590965271,4,-1,-1
165,-1,800,538,214,109,0.875522255897522,9,-1,-1
165,-1,1386,1018,191,138,0.8736818432807922,5,-1,-1
165,-1,2009,922,135,61,0.8460434675216675,4,-1,-1
220,-1,1750,1030,200,94,0.8873864412307739,4,-1,-1
220,-1,1405,994,162,86,0.8849349617958069,4,-1,-1
220,-1,1617,756,182,100,0.8736134171485901,6,-1,-1
220,-1,2486,881,168,59,0.8343560099601746,4,-1,-1
220,-1,352,548,73,35,0.2979375123977661,6,-1,-1
205,-1,0,575,297,173,0.9067298173904419,9,-1,-1
205,-1,1973,806,208,118,0.8944231867790222,6,-1,-1
205,-1,1169,896,155,79,0.8478398323059082,4,-1,-1
205,-1,925,885,130,71,0.6785649657249451,4,-1,-1
205,-1,361,548,69,37,0.47565048933029175,7,-1,-1
205,-1,1638,673,68,86,0.4252359867095947,6,-1,-1
222,-1,1481,1014,170,88,0.9023836255073547,4,-1,-1
222,-1,1844,1053,209,97,0.9001654982566833,4,-1,-1
222,-1,1572,750,180,100,0.8896478414535522,6,-1,-1
222,-1,2429,873,162,59,0.8512023687362671,4,-1,-1
222,-1,351,548,71,34,0.5813615918159485,4,-1,-1
250,-1,1616,843,147,69,0.8694139122962952,4,-1,-1
250,-1,2147,854,150,61,0.8543822765350342,4,-1,-1
250,-1,1722,762,126,55,0.8514723181724548,4,-1,-1
111,-1,1491,483,129,76,0.896683931350708,9,-1,-1
111,-1,83,464,113,68,0.8330618739128113,6,-1,-1
77,-1,300,448,103,61,0.8841663599014282,6,-1,-1
77,-1,55,413,85,44,0.7743308544158936,6,-1,-1
77,-1,1939,498,84,48,0.7647621035575867,7,-1,-1
77,-1,2188,464,198,83,0.7105140089988708,6,-1,-1
77,-1,239,522,52,30,0.688296377658844,4,-1,-1
77,-1,1825,458,92,63,0.6393110752105713,6,-1,-1
77,-1,195,572,68,52,0.3761718273162842,6,-1,-1
77,-1,196,572,68,51,0.3686995506286621,4,-1,-1
77,-1,195,572,69,52,0.36766183376312256,5,-1,-1
77,-1,263,436,55,30,0.25619685649871826,4,-1,-1
181,-1,537,552,269,127,0.8970097303390503,9,-1,-1
181,-1,2435,1191,242,135,0.889988124370575,4,-1,-1
181,-1,2643,927,76,106,0.7299064993858337,6,-1,-1
181,-1,2129,1153,252,176,0.6117345094680786,6,-1,-1
181,-1,1553,824,111,55,0.5640469193458557,7,-1,-1
181,-1,2128,1153,254,176,0.43306154012680054,5,-1,-1
209,-1,1874,793,198,110,0.8845404386520386,6,-1,-1
209,-1,1309,928,159,80,0.8782785534858704,4,-1,-1
209,-1,0,590,176,172,0.8751121163368225,9,-1,-1
209,-1,1037,909,141,76,0.843741774559021,4,-1,-1
209,-1,355,548,74,36,0.35053902864456177,7,-1,-1
183,-1,501,537,269,130,0.8995501399040222,9,-1,-1
183,-1,2544,1193,175,154,0.8402325510978699,4,-1,-1
183,-1,2578,904,141,114,0.8331843018531799,6,-1,-1
183,-1,2236,1157,261,184,0.755623996257782,6,-1,-1
183,-1,1505,801,105,50,0.43431907892227173,4,-1,-1
183,-1,2235,1157,262,187,0.3434533178806305,5,-1,-1
183,-1,483,557,93,45,0.2843025326728821,4,-1,-1
183,-1,1505,801,104,50,0.2643028199672699,7,-1,-1
41,-1,331,447,99,59,0.8847988247871399,6,-1,-1
41,-1,1931,1021,177,87,0.8765377998352051,4,-1,-1
41,-1,1498,837,127,61,0.8474920988082886,4,-1,-1
41,-1,1981,473,189,80,0.7934477925300598,6,-1,-1
41,-1,89,414,83,43,0.7842085361480713,6,-1,-1
41,-1,153,548,56,33,0.7349005937576294,4,-1,-1
41,-1,244,554,50,27,0.724056601524353,4,-1,-1
41,-1,1487,541,133,68,0.5195394158363342,6,-1,-1
41,-1,0,502,28,35,0.4349536895751953,4,-1,-1
41,-1,1486,540,133,69,0.42249950766563416,7,-1,-1
41,-1,753,562,62,28,0.364275187253952,4,-1,-1
100,-1,95,464,109,67,0.849399209022522,6,-1,-1
100,-1,1568,479,125,68,0.8444713950157166,9,-1,-1
100,-1,2202,465,178,81,0.7294245362281799,6,-1,-1
100,-1,2000,507,62,40,0.300782710313797,7,-1,-1
84,-1,231,451,104,64,0.8742323517799377,6,-1,-1
84,-1,1960,497,86,51,0.8008292317390442,7,-1,-1
84,-1,1752,463,103,64,0.7602549195289612,6,-1,-1
84,-1,2207,466,178,78,0.7594596147537231,6,-1,-1
84,-1,0,414,65,48,0.5600435733795166,6,-1,-1
84,-1,105,516,49,31,0.5056512355804443,4,-1,-1
84,-1,175,597,73,57,0.5014858245849609,4,-1,-1
84,-1,666,572,60,35,0.3351030647754669,7,-1,-1
171,-1,707,550,233,113,0.8968223333358765,9,-1,-1
171,-1,1931,1109,200,113,0.89493727684021,4,-1,-1
171,-1,1636,1071,211,150,0.8921647667884827,5,-1,-1
171,-1,1827,892,125,56,0.8680318593978882,4,-1,-1
55,-1,1925,936,157,74,0.8729298710823059,4,-1,-1
55,-1,2483,1162,234,115,0.8647144436836243,4,-1,-1
55,-1,2065,468,189,83,0.8164401054382324,6,-1,-1
55,-1,83,416,80,46,0.8100745677947998,6,-1,-1
55,-1,321,447,102,63,0.8064385056495667,6,-1,-1
55,-1,1686,514,115,66,0.7769715189933777,6,-1,-1
55,-1,62,525,59,44,0.7311680912971497,5,-1,-1
55,-1,357,585,61,29,0.7075033783912659,4,-1,-1
55,-1,262,579,57,35,0.6801834106445312,4,-1,-1
55,-1,478,562,60,30,0.4529118537902832,8,-1,-1
55,-1,478,562,61,31,0.27379485964775085,4,-1,-1
153,-1,948,520,190,98,0.8790711164474487,9,-1,-1
153,-1,2286,1152,210,98,0.8717435002326965,4,-1,-1
153,-1,1266,962,154,89,0.856777548789978,4,-1,-1
153,-1,2409,979,151,67,0.8363620042800903,4,-1,-1
153,-1,983,931,161,106,0.8024448752403259,6,-1,-1
80,-1,291,448,103,61,0.8713135719299316,6,-1,-1
80,-1,1814,460,93,63,0.8285137414932251,6,-1,-1
80,-1,2225,470,182,76,0.8123980164527893,6,-1,-1
80,-1,49,413,81,44,0.779748797416687,6,-1,-1
80,-1,209,581,68,51,0.6414465308189392,4,-1,-1
80,-1,1967,500,80,49,0.5821484923362732,7,-1,-1
80,-1,208,517,45,30,0.5080071687698364,4,-1,-1
27,-1,1384,907,139,74,0.8713023662567139,4,-1,-1
27,-1,1090,568,158,80,0.8538507223129272,7,-1,-1
27,-1,148,449,106,64,0.8510366082191467,6,-1,-1
27,-1,1686,474,232,109,0.8183467984199524,6,-1,-1
140,-1,1131,507,166,88,0.8867707848548889,9,-1,-1
140,-1,1727,1023,167,84,0.8775913715362549,4,-1,-1
140,-1,0,472,48,65,0.6996616125106812,6,-1,-1
140,-1,405,601,75,37,0.4622511863708496,4,-1,-1
191,-1,322,534,305,140,0.9001332521438599,9,-1,-1
191,-1,2343,857,233,126,0.8869724869728088,6,-1,-1
115,-1,80,462,112,70,0.8532887101173401,6,-1,-1
115,-1,1460,487,132,77,0.8357011675834656,9,-1,-1
76,-1,303,447,100,61,0.8840664625167847,6,-1,-1
76,-1,1928,499,86,53,0.8076931834220886,7,-1,-1
76,-1,59,412,84,45,0.7359998226165771,6,-1,-1
76,-1,191,568,66,52,0.6511510014533997,4,-1,-1
76,-1,1827,457,92,63,0.5168704986572266,6,-1,-1
76,-1,2186,468,191,77,0.4535892903804779,6,-1,-1
76,-1,250,524,49,28,0.3452554941177368,8,-1,-1
186,-1,439,522,284,133,0.9225988984107971,9,-1,-1
186,-1,2489,873,230,128,0.8870287537574768,6,-1,-1
186,-1,2406,1174,281,193,0.8559927940368652,6,-1,-1
186,-1,1433,770,103,51,0.46874552965164185,7,-1,-1
193,-1,269,539,320,145,0.9141442179679871,9,-1,-1
193,-1,2286,850,229,122,0.8896392583847046,6,-1,-1
108,-1,1517,484,122,71,0.8743669390678406,9,-1,-1
108,-1,87,466,113,66,0.840473473072052,6,-1,-1
108,-1,2060,500,59,39,0.4366607367992401,7,-1,-1
25,-1,1001,572,173,84,0.8656231760978699,7,-1,-1
25,-1,1293,893,138,73,0.8609966039657593,4,-1,-1
25,-1,1629,471,230,118,0.8212711215019226,6,-1,-1
25,-1,94,451,109,64,0.7945073246955872,6,-1,-1
13,-1,1413,481,241,124,0.8344010710716248,6,-1,-1
13,-1,576,619,218,100,0.7303321361541748,7,-1,-1
13,-1,0,452,58,69,0.7025031447410583,6,-1,-1
13,-1,1585,435,72,47,0.46021541953086853,5,-1,-1
13,-1,570,619,225,99,0.3504226803779602,6,-1,-1
36,-1,1769,982,165,79,0.8630711436271667,4,-1,-1
36,-1,334,445,100,61,0.8488839864730835,6,-1,-1
36,-1,92,414,84,43,0.7828941941261292,6,-1,-1
36,-1,1930,475,208,91,0.7820538878440857,6,-1,-1
36,-1,57,489,37,24,0.7407971024513245,4,-1,-1
36,-1,1373,804,116,60,0.7247956991195679,4,-1,-1
36,-1,1405,548,139,73,0.6520592570304871,7,-1,-1
36,-1,116,537,53,32,0.6493362784385681,4,-1,-1
36,-1,206,542,48,27,0.6265392899513245,4,-1,-1
36,-1,1406,547,140,73,0.41334208846092224,6,-1,-1
129,-1,0,466,80,71,0.8565461039543152,6,-1,-1
129,-1,1356,939,140,69,0.8359623551368713,4,-1,-1
129,-1,1259,500,152,82,0.7925254106521606,9,-1,-1
129,-1,433,600,74,40,0.2591007351875305,7,-1,-1
229,-1,1790,1086,191,102,0.8995236158370972,4,-1,-1
229,-1,2210,1135,242,111,0.883036732673645,4,-1,-1
229,-1,2413,992,198,84,0.879738450050354,4,-1,-1
229,-1,1429,729,168,94,0.8703635334968567,6,-1,-1
229,-1,2233,846,149,56,0.85951167345047,4,-1,-1
229,-1,351,548,71,34,0.25906211137771606,6,-1,-1
40,-1,1898,1013,172,85,0.8736405372619629,4,-1,-1
40,-1,330,447,101,58,0.8724346160888672,6,-1,-1
40,-1,1473,830,122,60,0.8315351605415344,4,-1,-1
40,-1,88,413,85,44,0.8159149885177612,6,-1,-1
40,-1,1973,471,189,85,0.8038727045059204,6,-1,-1
40,-1,1473,541,134,70,0.7109425663948059,6,-1,-1
40,-1,754,561,59,27,0.4837486445903778,4,-1,-1
40,-1,0,500,22,35,0.38189443945884705,5,-1,-1
40,-1,146,546,55,33,0.33614546060562134,4,-1,-1
40,-1,236,552,50,27,0.2698242664337158,4,-1,-1
97,-1,99,465,108,66,0.8204452395439148,6,-1,-1
97,-1,2185,471,184,74,0.6513630747795105,6,-1,-1
97,-1,1588,479,118,68,0.6170865893363953,6,-1,-1
97,-1,1980,505,69,43,0.5009245872497559,7,-1,-1
97,-1,1586,478,121,69,0.40194591879844666,9,-1,-1
216,-1,1706,768,189,103,0.8913957476615906,6,-1,-1
216,-1,1574,991,188,89,0.8845426440238953,4,-1,-1
216,-1,1260,961,154,81,0.8812710046768188,4,-1,-1
216,-1,2604,896,115,55,0.7905616164207458,4,-1,-1
142,-1,1095,511,171,87,0.8719102740287781,9,-1,-1
142,-1,1797,1041,172,84,0.8690648078918457,4,-1,-1
142,-1,0,475,31,63,0.5228793025016785,6,-1,-1
142,-1,396,601,71,36,0.3932992219924927,4,-1,-1
91,-1,107,463,109,68,0.8136560916900635,6,-1,-1
91,-1,1626,476,109,65,0.6354062557220459,6,-1,-1
91,-1,2154,474,169,71,0.580335795879364,6,-1,-1
91,-1,1931,505,74,47,0.512610137462616,7,-1,-1
91,-1,1627,476,108,66,0.4502332806587219,9,-1,-1
91,-1,561,589,62,35,0.311330646276474,4,-1,-1
91,-1,112,640,77,48,0.3019392192363739,5,-1,-1
91,-1,1931,505,74,48,0.26746124029159546,6,-1,-1
63,-1,2230,1004,185,83,0.8889369368553162,4,-1,-1
63,-1,316,446,103,62,0.8835550546646118,6,-1,-1
63,-1,1786,504,106,60,0.8140822649002075,7,-1,-1
63,-1,2120,465,172,80,0.7745828628540039,6,-1,-1
63,-1,320,592,64,37,0.7525699138641357,4,-1,-1
63,-1,1872,453,77,55,0.6689766049385071,6,-1,-1
63,-1,68,414,89,44,0.5584741830825806,6,-1,-1
63,-1,119,540,60,46,0.42270615696907043,4,-1,-1
63,-1,1787,504,106,60,0.30599334836006165,6,-1,-1
211,-1,1826,785,194,107,0.8921619653701782,6,-1,-1
211,-1,1099,923,144,77,0.8884760737419128,4,-1,-1
211,-1,1377,946,170,79,0.8781008720397949,4,-1,-1
211,-1,0,600,107,124,0.6901317834854126,9,-1,-1
211,-1,0,649,110,114,0.4588615596294403,9,-1,-1
211,-1,0,658,112,108,0.43161460757255554,6,-1,-1
70,-1,2561,1083,159,95,0.8894903063774109,4,-1,-1
70,-1,313,443,99,61,0.8667497038841248,6,-1,-1
70,-1,2153,464,183,79,0.8130191564559937,6,-1,-1
70,-1,1868,498,84,57,0.7842738628387451,7,-1,-1
70,-1,68,409,85,48,0.7296555638313293,6,-1,-1
70,-1,315,531,53,29,0.7096782326698303,4,-1,-1
70,-1,371,601,46,38,0.4748958647251129,4,-1,-1
70,-1,161,553,61,47,0.4428713023662567,5,-1,-1
70,-1,161,553,61,47,0.39287421107292175,4,-1,-1
70,-1,736,562,63,28,0.32757818698883057,4,-1,-1
199,-1,2127,828,216,114,0.8996501564979553,6,-1,-1
199,-1,101,551,354,166,0.8925840258598328,9,-1,-1
155,-1,925,519,196,103,0.8909276723861694,9,-1,-1
155,-1,2393,1175,222,103,0.8775452971458435,4,-1,-1
155,-1,2335,970,149,61,0.8342642784118652,4,-1,-1
155,-1,1327,971,156,95,0.8084849119186401,4,-1,-1
155,-1,1040,938,169,118,0.8080335259437561,6,-1,-1
243,-1,2333,881,161,64,0.8631356358528137,4,-1,-1
243,-1,1854,888,158,72,0.8582646250724792,4,-1,-1
243,-1,1878,794,133,53,0.8521462678909302,4,-1,-1
243,-1,2604,1271,115,133,0.8360926508903503,4,-1,-1
243,-1,347,549,74,33,0.46484556794166565,4,-1,-1
187,-1,418,523,283,137,0.9010223150253296,9,-1,-1
187,-1,2458,869,247,130,0.8936854600906372,6,-1,-1
187,-1,2467,1187,252,195,0.878560483455658,6,-1,-1
187,-1,1405,763,100,52,0.26029616594314575,7,-1,-1
81,-1,286,447,101,63,0.8769620060920715,6,-1,-1
81,-1,2234,470,174,75,0.8323215842247009,6,-1,-1
81,-1,1803,461,98,63,0.7987735271453857,6,-1,-1
81,-1,41,415,83,43,0.7038711905479431,6,-1,-1
81,-1,210,583,67,52,0.5894528031349182,5,-1,-1
81,-1,188,517,49,29,0.5101349949836731,4,-1,-1
81,-1,1974,496,92,53,0.40488767623901367,7,-1,-1
81,-1,210,585,67,51,0.3721234202384949,4,-1,-1
15,-1,1419,477,257,128,0.840162992477417,6,-1,-1
15,-1,633,613,209,96,0.7534730434417725,7,-1,-1
15,-1,0,452,57,69,0.6979278922080994,6,-1,-1
15,-1,1582,436,77,45,0.34469369053840637,5,-1,-1
15,-1,633,613,208,97,0.25609874725341797,6,-1,-1
21,-1,825,584,188,92,0.8313683271408081,7,-1,-1
21,-1,1512,476,236,113,0.8124698400497437,6,-1,-1
21,-1,0,451,98,66,0.5506453514099121,6,-1,-1
14,-1,1418,478,247,130,0.8565300703048706,6,-1,-1
14,-1,606,615,213,98,0.706743597984314,7,-1,-1
14,-1,0,451,57,70,0.6793369650840759,6,-1,-1
14,-1,603,615,216,97,0.4189678132534027,6,-1,-1
14,-1,1582,436,74,46,0.2534145414829254,5,-1,-1
264,-1,1800,818,139,59,0.8193148970603943,4,-1,-1
264,-1,104,563,69,31,0.6388236284255981,4,-1,-1
264,-1,1460,738,104,41,0.47324636578559875,4,-1,-1
264,-1,339,553,67,31,0.2866617739200592,6,-1,-1
120,-1,1390,491,136,77,0.8629119396209717,9,-1,-1
120,-1,40,461,112,71,0.6354769468307495,6,-1,-1
120,-1,493,595,73,40,0.49088671803474426,4,-1,-1
120,-1,2095,495,56,36,0.3170750141143799,7,-1,-1
170,-1,1887,1101,196,110,0.8928040862083435,4,-1,-1
170,-1,729,547,225,114,0.8879654407501221,9,-1,-1
170,-1,1857,898,128,56,0.8635416030883789,4,-1,-1
170,-1,1589,1061,210,149,0.8563748598098755,5,-1,-1
170,-1,456,460,98,43,0.4177599549293518,6,-1,-1
161,-1,1240,983,178,129,0.8894082903862,5,-1,-1
161,-1,1526,1021,170,98,0.8828534483909607,4,-1,-1
161,-1,852,531,206,106,0.8742371797561646,9,-1,-1
161,-1,2135,941,139,61,0.845898449420929,4,-1,-1
161,-1,364,604,76,37,0.4724191427230835,4,-1,-1
256,-1,1996,840,144,60,0.8419680595397949,4,-1,-1
256,-1,1605,749,116,51,0.8213216662406921,4,-1,-1
256,-1,1435,813,137,68,0.7886868119239807,4,-1,-1
105,-1,1534,482,124,71,0.803065836429596,9,-1,-1
105,-1,91,464,110,67,0.7955349087715149,6,-1,-1
105,-1,2040,502,63,42,0.4951314330101013,7,-1,-1
105,-1,2227,468,146,77,0.28053098917007446,6,-1,-1
198,-1,120,551,357,160,0.9071059226989746,9,-1,-1
198,-1,2154,832,217,117,0.8999823927879333,6,-1,-1
230,-1,2271,1147,246,114,0.8977669477462769,4,-1,-1
230,-1,1838,1098,194,103,0.8947851657867432,4,-1,-1
230,-1,2366,984,195,83,0.8822044730186462,4,-1,-1
230,-1,1409,728,167,93,0.8664597868919373,6,-1,-1
230,-1,2205,841,149,58,0.8549032211303711,4,-1,-1
230,-1,351,548,71,34,0.2753831446170807,6,-1,-1
136,-1,1191,503,160,86,0.8787412643432617,9,-1,-1
136,-1,1595,993,158,75,0.8746075630187988,4,-1,-1
136,-1,0,467,78,69,0.8335490226745605,6,-1,-1
136,-1,434,601,72,35,0.38888728618621826,4,-1,-1
255,-1,2018,843,147,59,0.8415017127990723,4,-1,-1
255,-1,1622,753,119,49,0.8072930574417114,4,-1,-1
255,-1,1463,818,137,66,0.35347309708595276,7,-1,-1
255,-1,1464,816,135,71,0.30415812134742737,6,-1,-1
67,-1,2410,1046,200,89,0.8835685849189758,4,-1,-1
67,-1,314,443,104,62,0.8735411763191223,6,-1,-1
67,-1,73,408,84,48,0.7824170589447021,6,-1,-1
67,-1,1833,495,93,62,0.7780104279518127,7,-1,-1
67,-1,350,535,51,29,0.5689105987548828,4,-1,-1
67,-1,145,546,60,45,0.5651084780693054,5,-1,-1
67,-1,350,596,67,39,0.4676707684993744,4,-1,-1
67,-1,2126,463,195,84,0.43742072582244873,6,-1,-1
150,-1,2133,1116,199,97,0.8801802396774292,4,-1,-1
150,-1,984,517,184,94,0.878250241279602,9,-1,-1
150,-1,1188,941,144,86,0.8565073609352112,4,-1,-1
150,-1,2519,994,157,64,0.8547996282577515,4,-1,-1
150,-1,908,923,147,89,0.6971619129180908,6,-1,-1
144,-1,1868,1056,177,86,0.8791995048522949,4,-1,-1
144,-1,1063,510,175,90,0.8762216567993164,9,-1,-1
144,-1,383,601,66,36,0.3263075053691864,4,-1,-1
144,-1,1132,937,45,46,0.270359605550766,10,-1,-1
82,-1,275,447,103,63,0.8412767648696899,6,-1,-1
82,-1,2233,469,177,77,0.8283367156982422,6,-1,-1
82,-1,1977,502,83,47,0.6750571131706238,7,-1,-1
82,-1,15,411,98,48,0.6095091700553894,6,-1,-1
82,-1,1792,461,102,63,0.5669141411781311,6,-1,-1
82,-1,170,516,48,30,0.5423927903175354,4,-1,-1
82,-1,206,587,71,54,0.5193408727645874,5,-1,-1
82,-1,207,588,70,54,0.3900682330131531,4,-1,-1
192,-1,2315,853,230,120,0.8862921595573425,6,-1,-1
192,-1,299,537,310,144,0.8532999753952026,9,-1,-1
58,-1,2033,963,166,76,0.8799768090248108,4,-1,-1
58,-1,322,445,99,65,0.8738825917243958,6,-1,-1
58,-1,282,584,61,34,0.7999180555343628,4,-1,-1
58,-1,2069,470,198,81,0.7855879068374634,6,-1,-1
58,-1,2629,1199,90,122,0.7708642482757568,4,-1,-1
58,-1,79,416,83,46,0.7609783411026001,6,-1,-1
58,-1,1724,514,112,60,0.7504477500915527,6,-1,-1
58,-1,389,592,59,32,0.6329953670501709,4,-1,-1
58,-1,445,557,57,32,0.5654283761978149,4,-1,-1
58,-1,84,534,59,43,0.5422272682189941,4,-1,-1
58,-1,1891,453,69,57,0.38595807552337646,6,-1,-1
6,-1,1347,490,250,118,0.81889408826828,6,-1,-1
6,-1,0,453,63,69,0.7192673683166504,6,-1,-1
6,-1,350,657,251,107,0.5491485595703125,6,-1,-1
6,-1,350,655,250,110,0.4143860340118408,7,-1,-1
204,-1,2001,810,206,115,0.8924264907836914,6,-1,-1
204,-1,0,570,324,176,0.8909913897514343,9,-1,-1
204,-1,1146,892,144,74,0.8194603323936462,4,-1,-1
204,-1,360,548,72,36,0.3478264808654785,4,-1,-1
49,-1,2222,1097,209,100,0.8760477900505066,4,-1,-1
49,-1,1723,891,144,67,0.8748717308044434,4,-1,-1
49,-1,324,447,105,63,0.8305455446243286,6,-1,-1
49,-1,2032,469,186,86,0.8245452642440796,6,-1,-1
49,-1,1607,524,119,66,0.7537213563919067,7,-1,-1
49,-1,212,566,57,31,0.7506570219993591,4,-1,-1
49,-1,306,572,56,28,0.7426011562347412,4,-1,-1
49,-1,85,417,81,45,0.7190789580345154,6,-1,-1
49,-1,24,515,55,40,0.7037813067436218,5,-1,-1
49,-1,1608,525,118,65,0.514444887638092,6,-1,-1
49,-1,1911,451,63,55,0.3256555199623108,6,-1,-1
104,-1,92,463,109,68,0.7889829277992249,6,-1,-1
104,-1,1544,481,122,72,0.7158803939819336,9,-1,-1
104,-1,2031,501,64,43,0.5231517553329468,7,-1,-1
104,-1,1544,480,122,72,0.5058672428131104,6,-1,-1
258,-1,1942,839,149,59,0.8391339182853699,4,-1,-1
258,-1,1380,810,131,64,0.8116837739944458,4,-1,-1
258,-1,1566,748,113,52,0.4392828643321991,4,-1,-1
258,-1,337,553,70,35,0.2811395525932312,6,-1,-1
227,-1,2100,1110,231,106,0.8987812995910645,4,-1,-1
227,-1,1696,1064,183,97,0.8972711563110352,4,-1,-1
227,-1,1469,735,170,94,0.8919069766998291,6,-1,-1
227,-1,2288,854,153,56,0.8729013204574585,4,-1,-1
227,-1,2502,1010,207,87,0.8720026612281799,4,-1,-1
227,-1,353,549,69,34,0.3211829662322998,4,-1,-1
56,-1,1960,946,162,73,0.8884381651878357,4,-1,-1
56,-1,2530,1174,189,116,0.8712920546531677,4,-1,-1
56,-1,320,447,102,63,0.8576573133468628,6,-1,-1
56,-1,83,416,81,46,0.8001543879508972,6,-1,-1
56,-1,2063,467,193,81,0.777965247631073,6,-1,-1
56,-1,271,580,57,34,0.7353943586349487,4,-1,-1
56,-1,364,587,63,31,0.5955267548561096,7,-1,-1
56,-1,1702,512,110,65,0.588728666305542,6,-1,-1
56,-1,1702,512,110,65,0.5847269892692566,7,-1,-1
56,-1,71,529,58,42,0.4785635769367218,4,-1,-1
56,-1,71,529,59,43,0.4172327518463135,5,-1,-1
56,-1,469,561,57,31,0.3998349606990814,7,-1,-1
56,-1,1892,452,72,56,0.380649209022522,6,-1,-1
162,-1,1277,991,180,131,0.8922755122184753,5,-1,-1
162,-1,841,534,207,105,0.8861168622970581,9,-1,-1
162,-1,1563,1030,173,97,0.877539336681366,4,-1,-1
162,-1,2105,937,137,59,0.8459922671318054,4,-1,-1
162,-1,366,605,75,39,0.558609127998352,4,-1,-1
127,-1,0,466,81,70,0.8484203815460205,6,-1,-1
127,-1,1295,920,138,70,0.8378432393074036,4,-1,-1
127,-1,1282,496,144,84,0.8287757635116577,9,-1,-1
122,-1,1336,492,142,79,0.8870100975036621,9,-1,-1
122,-1,0,463,99,71,0.802024781703949,6,-1,-1
122,-1,2065,493,56,36,0.4113098978996277,7,-1,-1
163,-1,1311,999,185,135,0.9008811712265015,5,-1,-1
163,-1,828,535,210,107,0.8878668546676636,9,-1,-1
163,-1,1602,1036,174,102,0.8823985457420349,4,-1,-1
163,-1,2074,932,133,61,0.851546049118042,4,-1,-1
59,-1,2071,971,169,77,0.8721213936805725,4,-1,-1
59,-1,321,446,99,63,0.8714285492897034,6,-1,-1
59,-1,2062,467,213,82,0.7816045880317688,6,-1,-1
59,-1,77,418,85,43,0.758646547794342,6,-1,-1
59,-1,290,589,57,33,0.7422167062759399,4,-1,-1
59,-1,1738,508,111,62,0.7060546875,7,-1,-1
59,-1,397,593,60,32,0.6740280389785767,4,-1,-1
59,-1,1737,509,112,61,0.6361601948738098,6,-1,-1
59,-1,436,555,55,31,0.5961039066314697,4,-1,-1
59,-1,91,535,57,44,0.5901035070419312,5,-1,-1
59,-1,1890,453,69,57,0.31762704253196716,6,-1,-1
221,-1,1444,1003,163,89,0.8923358917236328,4,-1,-1
221,-1,1797,1042,203,94,0.8885659575462341,4,-1,-1
221,-1,1595,754,180,98,0.8772880434989929,6,-1,-1
221,-1,2457,877,167,58,0.8265230655670166,4,-1,-1
221,-1,351,547,72,36,0.3875769376754761,4,-1,-1
200,-1,57,556,374,165,0.8973379135131836,9,-1,-1
200,-1,2102,826,214,112,0.8922978639602661,6,-1,-1
116,-1,79,463,114,69,0.8349468111991882,6,-1,-1
116,-1,1452,489,137,75,0.7634249925613403,9,-1,-1
116,-1,2102,496,60,37,0.29154035449028015,7,-1,-1
253,-1,1523,827,140,66,0.8516106009483337,4,-1,-1
253,-1,1658,757,126,51,0.8515445590019226,4,-1,-1
253,-1,2070,847,145,60,0.8450736999511719,4,-1,-1
253,-1,1625,673,73,72,0.2885482609272003,6,-1,-1
261,-1,1868,822,147,69,0.6931290626525879,4,-1,-1
261,-1,1510,742,115,48,0.41213032603263855,4,-1,-1
261,-1,1297,799,127,60,0.3592473566532135,4,-1,-1
261,-1,149,571,80,32,0.25240814685821533,7,-1,-1
244,-1,1853,787,134,55,0.8693938851356506,4,-1,-1
244,-1,1817,879,158,73,0.8659703731536865,4,-1,-1
244,-1,2305,875,161,68,0.8602794408798218,4,-1,-1
244,-1,2,614,78,34,0.5851830840110779,4,-1,-1
244,-1,348,549,75,37,0.37834984064102173,6,-1,-1
235,-1,2098,1158,220,112,0.890701413154602,4,-1,-1
235,-1,2072,823,143,56,0.8667440414428711,4,-1,-1
235,-1,2154,944,181,79,0.8660900592803955,4,-1,-1
235,-1,2584,1215,135,122,0.8337504267692566,4,-1,-1
235,-1,2560,911,159,63,0.8234157562255859,4,-1,-1
235,-1,352,549,69,34,0.37543004751205444,4,-1,-1
146,-1,1029,512,179,91,0.8763130307197571,9,-1,-1
146,-1,1946,1075,183,88,0.8707143068313599,4,-1,-1
146,-1,370,601,69,34,0.5136620402336121,4,-1,-1
146,-1,2671,1012,49,58,0.3462759256362915,4,-1,-1
72,-1,309,446,99,61,0.8757452368736267,6,-1,-1
72,-1,1888,498,87,55,0.8337019085884094,7,-1,-1
72,-1,66,413,85,44,0.7663885951042175,6,-1,-1
72,-1,2175,465,173,79,0.6843211054801941,6,-1,-1
72,-1,297,527,49,32,0.6112726926803589,4,-1,-1
72,-1,172,559,64,49,0.5694257616996765,4,-1,-1
72,-1,2672,1113,48,90,0.5616863369941711,4,-1,-1
73,-1,308,447,99,61,0.8849371075630188,6,-1,-1
73,-1,1898,497,86,56,0.8101112246513367,7,-1,-1
73,-1,62,413,83,44,0.6921744346618652,6,-1,-1
73,-1,177,562,65,48,0.6671901941299438,4,-1,-1
73,-1,283,527,51,30,0.47001343965530396,4,-1,-1
73,-1,2173,467,182,79,0.4582335352897644,6,-1,-1
73,-1,1831,455,95,60,0.39272376894950867,6,-1,-1
152,-1,960,519,191,96,0.8680994510650635,9,-1,-1
152,-1,2235,1140,203,97,0.8626384735107422,4,-1,-1
152,-1,1241,954,149,88,0.8618912100791931,4,-1,-1
152,-1,2444,986,154,64,0.8582832217216492,4,-1,-1
152,-1,953,924,162,105,0.838061511516571,6,-1,-1
172,-1,1976,1119,204,112,0.8975223302841187,4,-1,-1
172,-1,694,552,235,115,0.8889811038970947,9,-1,-1
172,-1,1681,1080,214,155,0.8833081722259521,5,-1,-1
172,-1,1799,887,125,55,0.8539891242980957,4,-1,-1
106,-1,1528,483,126,72,0.8563000559806824,9,-1,-1
106,-1,89,465,112,66,0.8337998986244202,6,-1,-1
106,-1,2046,500,59,42,0.3039446175098419,7,-1,-1
252,-1,1554,829,142,71,0.867408275604248,4,-1,-1
252,-1,2096,850,148,57,0.8560738563537598,4,-1,-1
252,-1,1681,756,123,55,0.8500096797943115,4,-1,-1
79,-1,295,448,104,61,0.8800775408744812,6,-1,-1
79,-1,2219,471,181,74,0.7293367981910706,6,-1,-1
79,-1,51,413,86,45,0.6952479481697083,6,-1,-1
79,-1,1819,459,93,64,0.6519536375999451,6,-1,-1
79,-1,1959,498,81,45,0.6352546811103821,7,-1,-1
79,-1,206,578,68,51,0.6340898275375366,4,-1,-1
79,-1,218,520,51,30,0.4017544984817505,4,-1,-1
79,-1,218,519,50,29,0.3844209611415863,5,-1,-1
185,-1,462,523,275,132,0.8979648351669312,9,-1,-1
185,-1,2516,880,204,125,0.8699924349784851,6,-1,-1
185,-1,2343,1163,279,192,0.727077841758728,6,-1,-1
185,-1,2664,1204,55,112,0.7027842998504639,4,-1,-1
185,-1,1454,773,106,53,0.6194679141044617,7,-1,-1
185,-1,2342,1163,282,192,0.2823246717453003,5,-1,-1
109,-1,1507,484,126,73,0.8653028011322021,9,-1,-1
109,-1,86,465,111,68,0.8332330584526062,6,-1,-1
109,-1,2060,501,62,37,0.2752090394496918,7,-1,-1
109,-1,2251,493,79,51,0.2655932605266571,6,-1,-1
46,-1,1635,868,137,66,0.8713980317115784,4,-1,-1
46,-1,2108,1067,193,95,0.8675296902656555,4,-1,-1
46,-1,327,448,101,61,0.862034022808075,6,-1,-1
46,-1,2013,470,185,82,0.8393257856369019,6,-1,-1
46,-1,193,560,56,33,0.7924479246139526,4,-1,-1
46,-1,281,563,54,29,0.7028241157531738,4,-1,-1
46,-1,1563,530,127,68,0.6840798258781433,6,-1,-1
46,-1,84,413,84,46,0.6529523134231567,6,-1,-1
46,-1,1918,449,60,55,0.43509161472320557,6,-1,-1
46,-1,1565,529,124,68,0.4228758215904236,7,-1,-1
46,-1,3,510,56,39,0.4226422607898712,5,-1,-1
121,-1,1363,491,140,79,0.8800930976867676,9,-1,-1
121,-1,9,466,115,69,0.8592911958694458,6,-1,-1
121,-1,2079,492,58,37,0.5241696834564209,7,-1,-1
69,-1,2508,1070,209,94,0.8886748552322388,4,-1,-1
69,-1,315,443,100,62,0.8569397330284119,6,-1,-1
69,-1,2135,463,192,81,0.7647818326950073,6,-1,-1
69,-1,67,407,90,50,0.6758515238761902,6,-1,-1
69,-1,326,532,53,31,0.4841366112232208,4,-1,-1
69,-1,156,550,61,46,0.48311683535575867,4,-1,-1
69,-1,1855,492,87,61,0.3795832097530365,7,-1,-1
69,-1,363,600,58,36,0.32159313559532166,4,-1,-1
9,-1,1379,487,247,116,0.837684690952301,6,-1,-1
9,-1,0,453,61,69,0.7527484893798828,6,-1,-1
9,-1,452,638,237,106,0.7170498371124268,7,-1,-1
9,-1,1577,435,71,47,0.3644973933696747,5,-1,-1
210,-1,1067,916,141,74,0.8924129605293274,4,-1,-1
210,-1,1850,788,198,108,0.8852642178535461,6,-1,-1
210,-1,1345,937,161,80,0.8690986633300781,4,-1,-1
210,-1,0,596,144,164,0.8248907923698425,9,-1,-1
210,-1,356,548,72,36,0.5927347540855408,7,-1,-1
148,-1,1010,512,179,94,0.8800718188285828,9,-1,-1
148,-1,2038,1094,191,93,0.8686351776123047,4,-1,-1
148,-1,2594,1002,125,62,0.8455114960670471,4,-1,-1
148,-1,371,600,68,37,0.38821884989738464,4,-1,-1
188,-1,397,526,284,138,0.9054326415061951,9,-1,-1
188,-1,2429,865,246,133,0.8926392793655396,6,-1,-1
188,-1,2531,1188,188,238,0.813943088054657,6,-1,-1
188,-1,366,545,113,49,0.3475215435028076,4,-1,-1
188,-1,1381,760,100,50,0.3079357445240021,7,-1,-1
263,-1,1826,825,139,56,0.8563306927680969,4,-1,-1
263,-1,119,567,71,30,0.724704384803772,4,-1,-1
263,-1,1244,780,128,69,0.5762299299240112,6,-1,-1
263,-1,1481,739,102,43,0.564021110534668,4,-1,-1
263,-1,1244,781,127,68,0.3599909842014313,4,-1,-1
263,-1,342,553,65,32,0.3531741499900818,5,-1,-1
240,-1,2400,1226,249,129,0.8850281238555908,4,-1,-1
240,-1,1962,909,166,75,0.8711614608764648,4,-1,-1
240,-1,1948,804,135,54,0.8497445583343506,4,-1,-1
240,-1,2417,891,165,64,0.7589585781097412,4,-1,-1
240,-1,0,606,42,41,0.5993317365646362,4,-1,-1
240,-1,351,549,70,34,0.4626034200191498,4,-1,-1
64,-1,2273,1012,190,86,0.8892802596092224,4,-1,-1
64,-1,317,443,101,62,0.869771420955658,6,-1,-1
64,-1,1798,500,100,60,0.7857953906059265,7,-1,-1
64,-1,75,413,84,44,0.7468835711479187,6,-1,-1
64,-1,124,541,62,45,0.7288378477096558,4,-1,-1
64,-1,327,592,65,40,0.6764479279518127,4,-1,-1
64,-1,2124,463,176,78,0.662816047668457,6,-1,-1
64,-1,1864,450,83,58,0.5813550353050232,6,-1,-1
64,-1,384,541,50,31,0.509931206703186,4,-1,-1
134,-1,1213,503,157,85,0.8915395736694336,9,-1,-1
134,-1,1522,976,153,76,0.8729118704795837,4,-1,-1
134,-1,0,466,78,71,0.8483437299728394,6,-1,-1
134,-1,438,601,69,35,0.6081405282020569,4,-1,-1
206,-1,1950,803,202,115,0.8947098255157471,6,-1,-1
206,-1,0,579,268,175,0.8933221697807312,9,-1,-1
206,-1,1204,906,155,77,0.8591688275337219,4,-1,-1
206,-1,950,888,135,75,0.7252135872840881,4,-1,-1
206,-1,360,547,70,38,0.5523425936698914,7,-1,-1
206,-1,1637,672,68,86,0.473667711019516,6,-1,-1
54,-1,2438,1151,230,112,0.8901481032371521,4,-1,-1
54,-1,1890,928,155,73,0.8829991221427917,4,-1,-1
54,-1,2062,467,183,86,0.8210769891738892,6,-1,-1
54,-1,83,417,80,45,0.8021045327186584,6,-1,-1
54,-1,1674,517,116,63,0.7728551030158997,6,-1,-1
54,-1,349,583,58,27,0.754402756690979,4,-1,-1
54,-1,321,448,102,62,0.7495572566986084,6,-1,-1
54,-1,251,577,62,34,0.7123162746429443,4,-1,-1
54,-1,57,524,57,43,0.6345444321632385,5,-1,-1
54,-1,492,565,56,32,0.508531928062439,4,-1,-1
223,-1,1522,1023,171,93,0.8985276222229004,4,-1,-1
223,-1,1893,1063,212,99,0.8854169249534607,4,-1,-1
223,-1,1552,747,176,99,0.8801934719085693,6,-1,-1
223,-1,2399,869,162,59,0.8504915237426758,4,-1,-1
223,-1,351,548,71,34,0.5527601838111877,4,-1,-1
223,-1,2698,1021,22,90,0.31086474657058716,4,-1,-1
89,-1,108,460,110,70,0.8037063479423523,6,-1,-1
89,-1,2142,476,167,73,0.7974562048912048,6,-1,-1
89,-1,1637,475,109,64,0.6381791234016418,6,-1,-1
89,-1,1914,506,79,46,0.5325056314468384,7,-1,-1
89,-1,94,631,82,57,0.5150511264801025,4,-1,-1
89,-1,561,590,66,33,0.34778842329978943,7,-1,-1
202,-1,2049,819,213,112,0.8975555300712585,6,-1,-1
202,-1,5,565,372,167,0.8872420191764832,9,-1,-1
241,-1,2464,1239,254,130,0.8867746591567993,4,-1,-1
241,-1,1922,799,138,53,0.8741392493247986,4,-1,-1
241,-1,1923,901,164,74,0.8657086491584778,4,-1,-1
241,-1,2388,889,165,67,0.8444600105285645,4,-1,-1
241,-1,0,616,54,33,0.4233858287334442,4,-1,-1
241,-1,350,550,71,33,0.40137383341789246,4,-1,-1
85,-1,202,456,105,63,0.847322404384613,6,-1,-1
85,-1,1947,500,81,51,0.8192188143730164,7,-1,-1
85,-1,2187,472,181,75,0.7964115738868713,6,-1,-1
85,-1,1723,466,121,66,0.6808835864067078,6,-1,-1
85,-1,67,520,49,31,0.596813440322876,4,-1,-1
85,-1,154,606,76,59,0.540503740310669,5,-1,-1
85,-1,0,426,37,39,0.3240177035331726,6,-1,-1
85,-1,1722,468,117,64,0.3159008324146271,9,-1,-1
53,-1,2392,1139,225,110,0.8821219801902771,4,-1,-1
53,-1,1854,920,153,72,0.8798912763595581,4,-1,-1
53,-1,2059,467,178,84,0.8144832849502563,6,-1,-1
53,-1,322,447,101,63,0.8108830451965332,6,-1,-1
53,-1,1660,517,120,65,0.8007163405418396,6,-1,-1
53,-1,83,416,80,45,0.7974209785461426,6,-1,-1
53,-1,243,575,60,36,0.6614758372306824,4,-1,-1
53,-1,50,523,56,41,0.6173247694969177,5,-1,-1
53,-1,342,581,46,27,0.5967177748680115,4,-1,-1
31,-1,252,447,102,62,0.8805675506591797,6,-1,-1
31,-1,1567,939,149,74,0.8705156445503235,4,-1,-1
31,-1,1807,475,225,108,0.7732099890708923,6,-1,-1
31,-1,0,500,39,22,0.7620341777801514,4,-1,-1
31,-1,1249,561,151,75,0.7612993717193604,7,-1,-1
31,-1,82,538,47,25,0.7569268941879272,4,-1,-1
31,-1,0,538,40,26,0.6213558316230774,4,-1,-1
31,-1,0,416,87,43,0.4510030150413513,6,-1,-1
7,-1,1351,487,257,127,0.7984407544136047,6,-1,-1
7,-1,0,453,62,69,0.7349191904067993,6,-1,-1
7,-1,382,650,248,108,0.7098110318183899,7,-1,-1
7,-1,1575,436,67,44,0.36600619554519653,9,-1,-1
7,-1,2527,1178,192,287,0.28172892332077026,6,-1,-1
7,-1,1577,435,66,45,0.2568858861923218,5,-1,-1
219,-1,1367,984,159,89,0.8961895108222961,4,-1,-1
219,-1,1637,757,186,100,0.8932893872261047,6,-1,-1
219,-1,1703,1020,198,94,0.8924559950828552,4,-1,-1
219,-1,2516,885,168,61,0.8405578136444092,4,-1,-1
93,-1,1614,477,112,65,0.8255636096000671,9,-1,-1
93,-1,101,465,111,66,0.8166775703430176,6,-1,-1
93,-1,127,646,77,44,0.5138742923736572,5,-1,-1
93,-1,1937,502,86,49,0.47354409098625183,6,-1,-1
93,-1,2164,473,146,69,0.4544669985771179,6,-1,-1
93,-1,1937,502,85,49,0.43052440881729126,7,-1,-1
35,-1,333,446,101,59,0.8702784776687622,6,-1,-1
35,-1,1740,972,161,81,0.8644076585769653,4,-1,-1
35,-1,1907,476,224,107,0.815139651298523,6,-1,-1
35,-1,90,414,84,43,0.8135290741920471,6,-1,-1
35,-1,59,492,43,23,0.7766811847686768,4,-1,-1
35,-1,196,543,46,24,0.6308756470680237,4,-1,-1
35,-1,1354,802,110,55,0.6030020713806152,4,-1,-1
35,-1,108,538,54,30,0.5735613107681274,4,-1,-1
35,-1,1384,549,143,73,0.5519440770149231,7,-1,-1
35,-1,1383,549,144,73,0.5087798237800598,6,-1,-1
35,-1,753,563,61,25,0.41702428460121155,4,-1,-1
149,-1,999,515,179,95,0.8694524168968201,9,-1,-1
149,-1,2087,1107,191,89,0.8654986619949341,4,-1,-1
149,-1,1154,935,151,85,0.8621357083320618,4,-1,-1
149,-1,2557,999,162,67,0.8599341511726379,4,-1,-1
149,-1,888,918,140,86,0.37587472796440125,6,-1,-1
143,-1,1832,1050,175,84,0.8814228773117065,4,-1,-1
143,-1,1081,509,172,91,0.8811956644058228,9,-1,-1
143,-1,0,475,21,62,0.5285167694091797,6,-1,-1
246,-1,2250,867,158,67,0.8593085408210754,4,-1,-1
246,-1,1810,781,128,53,0.8538991808891296,4,-1,-1
246,-1,1748,864,156,74,0.8522471189498901,4,-1,-1
225,-1,1606,1044,180,94,0.8994021415710449,4,-1,-1
225,-1,1993,1086,220,103,0.8990488052368164,4,-1,-1
225,-1,1509,741,175,90,0.8862460851669312,6,-1,-1
225,-1,2343,860,158,59,0.8808714747428894,4,-1,-1
225,-1,2596,1028,123,85,0.7765976190567017,4,-1,-1
225,-1,351,548,71,35,0.3308466970920563,4,-1,-1
98,-1,97,463,109,68,0.828385055065155,6,-1,-1
98,-1,2193,472,181,75,0.7654262781143188,6,-1,-1
98,-1,1582,479,122,67,0.6410902142524719,6,-1,-1
98,-1,1582,480,123,67,0.43728554248809814,9,-1,-1
30,-1,1519,929,147,76,0.8678462505340576,4,-1,-1
30,-1,1216,561,149,78,0.8541969656944275,7,-1,-1
30,-1,228,448,104,61,0.825603723526001,6,-1,-1
30,-1,1778,473,226,112,0.8244925141334534,6,-1,-1
30,-1,43,537,50,26,0.6771568059921265,4,-1,-1
30,-1,0,404,60,57,0.3474956154823303,6,-1,-1
30,-1,0,500,18,27,0.33030644059181213,4,-1,-1
30,-1,164,444,51,21,0.26216065883636475,4,-1,-1
83,-1,255,448,104,64,0.8612236976623535,6,-1,-1
83,-1,2224,470,174,72,0.7750095725059509,6,-1,-1
83,-1,194,593,72,54,0.6963863372802734,5,-1,-1
83,-1,1,413,94,48,0.5725981593132019,6,-1,-1
83,-1,142,516,46,30,0.5206940770149231,5,-1,-1
83,-1,1973,500,81,48,0.45046040415763855,7,-1,-1
83,-1,1774,462,107,63,0.3412059545516968,6,-1,-1
83,-1,1774,463,103,61,0.31760358810424805,9,-1,-1
107,-1,1519,483,126,71,0.8722496628761292,9,-1,-1
107,-1,89,466,111,66,0.8489296436309814,6,-1,-1
107,-1,2048,502,61,41,0.41269904375076294,7,-1,-1
189,-1,370,527,294,140,0.9054358601570129,9,-1,-1
189,-1,2395,860,249,135,0.8772470951080322,6,-1,-1
189,-1,2589,1209,130,229,0.7309269309043884,6,-1,-1
201,-1,35,561,367,164,0.9016106724739075,9,-1,-1
201,-1,2074,822,211,116,0.8920340538024902,6,-1,-1
132,-1,1233,503,153,82,0.8778955340385437,9,-1,-1
132,-1,1452,962,151,73,0.8567768335342407,4,-1,-1
132,-1,0,467,79,71,0.8549745082855225,6,-1,-1
212,-1,1799,784,197,104,0.888862133026123,6,-1,-1
212,-1,1417,955,170,82,0.887365996837616,4,-1,-1
212,-1,1130,932,146,75,0.8822383284568787,4,-1,-1
212,-1,0,621,76,145,0.5724870562553406,9,-1,-1
102,-1,1556,479,120,70,0.8746306300163269,9,-1,-1
102,-1,93,463,108,68,0.8200581669807434,6,-1,-1
102,-1,2212,467,159,78,0.43802791833877563,6,-1,-1
114,-1,1466,487,134,76,0.885041356086731,9,-1,-1
114,-1,82,464,111,69,0.8359135389328003,6,-1,-1
114,-1,2091,497,62,40,0.506515383720398,7,-1,-1
43,-1,331,447,98,60,0.8830657601356506,6,-1,-1
43,-1,1999,1039,182,89,0.8739839196205139,4,-1,-1
43,-1,1551,850,129,62,0.8724064230918884,4,-1,-1
43,-1,1993,471,185,85,0.8044096827507019,6,-1,-1
43,-1,167,553,56,31,0.7806628346443176,4,-1,-1
43,-1,257,558,53,26,0.7772293090820312,4,-1,-1
43,-1,86,415,84,42,0.66362464427948,6,-1,-1
43,-1,1518,536,128,65,0.6066311001777649,6,-1,-1
43,-1,0,505,39,36,0.5112414360046387,4,-1,-1
43,-1,1518,535,127,68,0.5057239532470703,7,-1,-1
43,-1,1922,448,54,53,0.41442596912384033,6,-1,-1
43,-1,752,562,58,27,0.34921079874038696,4,-1,-1
164,-1,814,538,213,106,0.8857338428497314,9,-1,-1
164,-1,1639,1047,179,102,0.8831750750541687,4,-1,-1
164,-1,1349,1008,186,134,0.8790454864501953,5,-1,-1
164,-1,2041,927,133,59,0.8689466714859009,4,-1,-1
95,-1,99,464,111,67,0.8051087260246277,6,-1,-1
95,-1,144,650,72,34,0.6526440978050232,4,-1,-1
95,-1,1601,478,114,67,0.6127410531044006,9,-1,-1
95,-1,1602,478,113,67,0.5582284331321716,6,-1,-1
95,-1,2175,475,164,69,0.3929755985736847,6,-1,-1
112,-1,1483,486,129,74,0.8908312916755676,9,-1,-1
112,-1,82,464,114,68,0.8304513096809387,6,-1,-1
112,-1,2079,498,62,41,0.2897169589996338,7,-1,-1
138,-1,1163,504,161,88,0.8951584100723267,9,-1,-1
138,-1,1660,1009,163,78,0.8663462400436401,4,-1,-1
138,-1,0,467,65,70,0.8120765686035156,6,-1,-1
138,-1,423,601,73,38,0.25074684619903564,4,-1,-1
248,-1,1681,853,150,70,0.8802534937858582,4,-1,-1
248,-1,2194,860,159,61,0.8631912469863892,4,-1,-1
248,-1,1766,773,127,51,0.8520365357398987,4,-1,-1
5,-1,1316,491,276,136,0.8366681337356567,6,-1,-1
5,-1,0,453,62,69,0.7280075550079346,6,-1,-1
5,-1,314,660,260,113,0.6198762655258179,7,-1,-1
5,-1,315,661,259,111,0.529984176158905,6,-1,-1
5,-1,1568,435,72,48,0.26971763372421265,9,-1,-1
34,-1,326,447,100,60,0.8752570748329163,6,-1,-1
34,-1,1707,966,158,77,0.8662974834442139,4,-1,-1
34,-1,1894,474,227,106,0.8284575343132019,6,-1,-1
34,-1,57,495,43,23,0.7950337529182434,4,-1,-1
34,-1,85,414,81,43,0.7652896046638489,6,-1,-1
34,-1,95,534,51,29,0.7159638404846191,4,-1,-1
34,-1,181,540,49,24,0.6535117626190186,4,-1,-1
34,-1,1362,551,146,75,0.6296209692955017,6,-1,-1
34,-1,1362,551,145,75,0.44260451197624207,7,-1,-1
99,-1,95,464,111,67,0.8328124284744263,6,-1,-1
99,-1,2198,467,179,80,0.679705023765564,6,-1,-1
99,-1,1576,479,122,68,0.6446241140365601,6,-1,-1
99,-1,1576,479,122,69,0.345377117395401,9,-1,-1
99,-1,1996,502,65,44,0.3363170027732849,7,-1,-1
257,-1,1970,840,145,62,0.8414389491081238,4,-1,-1
257,-1,1408,811,123,66,0.8047031760215759,4,-1,-1
257,-1,1583,748,117,54,0.4721672236919403,6,-1,-1
23,-1,911,578,180,86,0.861419677734375,7,-1,-1
23,-1,39,451,110,66,0.8549243807792664,6,-1,-1
23,-1,1564,475,236,115,0.8363246321678162,6,-1,-1
23,-1,1204,882,136,72,0.3496914803981781,7,-1,-1
16,-1,1444,478,237,120,0.8157985210418701,6,-1,-1
16,-1,662,607,205,98,0.7967169284820557,7,-1,-1
16,-1,0,453,57,68,0.6514523029327393,6,-1,-1
16,-1,1594,435,65,48,0.48291465640068054,5,-1,-1
19,-1,1471,476,234,117,0.8488393425941467,6,-1,-1
19,-1,0,456,62,64,0.7464033961296082,6,-1,-1
19,-1,746,596,195,89,0.5439708828926086,6,-1,-1
19,-1,1048,866,132,65,0.5347387194633484,4,-1,-1
19,-1,746,596,195,89,0.474330335855484,7,-1,-1
137,-1,1179,505,162,86,0.8956484198570251,9,-1,-1
137,-1,1627,1003,162,73,0.8676829934120178,4,-1,-1
137,-1,0,467,71,70,0.8182589411735535,6,-1,-1
137,-1,424,601,79,36,0.5297984480857849,4,-1,-1
61,-1,2149,988,178,82,0.8887385725975037,4,-1,-1
61,-1,318,448,102,61,0.8409730792045593,6,-1,-1
61,-1,77,416,84,46,0.7636387348175049,6,-1,-1
61,-1,2107,465,176,77,0.7547074556350708,6,-1,-1
61,-1,104,538,59,46,0.5868512392044067,4,-1,-1
61,-1,1760,511,110,57,0.5807486772537231,6,-1,-1
61,-1,416,597,68,33,0.5414052605628967,4,-1,-1
61,-1,1760,511,110,57,0.520243763923645,7,-1,-1
61,-1,304,593,64,34,0.44458431005477905,4,-1,-1
61,-1,415,552,54,30,0.4323290288448334,4,-1,-1
96,-1,99,465,109,66,0.8056202530860901,6,-1,-1
96,-1,1595,478,116,68,0.7992125153541565,9,-1,-1
96,-1,152,654,71,31,0.6019377708435059,4,-1,-1
96,-1,553,592,66,36,0.42586633563041687,4,-1,-1
96,-1,2181,473,180,72,0.33130985498428345,6,-1,-1
96,-1,1936,504,109,45,0.2533084452152252,7,-1,-1
156,-1,1072,946,170,120,0.8966531157493591,5,-1,-1
156,-1,2450,1188,227,106,0.8861440420150757,4,-1,-1
156,-1,1359,983,157,91,0.8778885006904602,4,-1,-1
156,-1,912,526,195,97,0.8547223806381226,9,-1,-1
156,-1,2301,966,147,61,0.8491831421852112,4,-1,-1
24,-1,66,451,109,64,0.8363032341003418,6,-1,-1
24,-1,956,575,179,85,0.8252518773078918,7,-1,-1
24,-1,1605,475,223,111,0.7724569439888,6,-1,-1
24,-1,1249,883,137,76,0.6179261207580566,4,-1,-1
159,-1,874,528,202,103,0.8938820958137512,9,-1,-1
159,-1,1457,1005,163,92,0.87483149766922,4,-1,-1
159,-1,2198,950,142,60,0.8610325455665588,4,-1,-1
159,-1,1170,968,174,124,0.8344103097915649,5,-1,-1
159,-1,2632,1222,88,101,0.749646782875061,4,-1,-1
159,-1,368,604,72,38,0.36590883135795593,4,-1,-1
33,-1,305,448,98,58,0.888203501701355,6,-1,-1
33,-1,1657,954,159,80,0.8652414083480835,4,-1,-1
33,-1,1872,477,217,96,0.8104879856109619,6,-1,-1
33,-1,40,496,42,21,0.7823550701141357,4,-1,-1
33,-1,59,414,83,43,0.7315360307693481,6,-1,-1
33,-1,149,539,50,25,0.7189082503318787,4,-1,-1
33,-1,61,535,51,27,0.703920841217041,4,-1,-1
33,-1,1327,553,148,80,0.5958584547042847,6,-1,-1
33,-1,1327,550,149,82,0.407334566116333,7,-1,-1
33,-1,730,561,61,28,0.2617235779762268,4,-1,-1
173,-1,2026,1125,205,116,0.8925707340240479,4,-1,-1
173,-1,674,553,238,116,0.8810190558433533,9,-1,-1
173,-1,1768,883,124,52,0.854684054851532,4,-1,-1
173,-1,1729,1090,217,157,0.786670982837677,5,-1,-1
173,-1,361,608,68,34,0.4497895836830139,4,-1,-1
233,-1,1992,1132,206,109,0.8934394717216492,4,-1,-1
233,-1,2453,1187,265,124,0.8921810984611511,4,-1,-1
233,-1,2124,831,146,54,0.8752785325050354,4,-1,-1
233,-1,1352,720,164,90,0.8537683486938477,6,-1,-1
233,-1,2239,960,182,79,0.8537622094154358,4,-1,-1
233,-1,2624,919,96,58,0.524860143661499,4,-1,-1
233,-1,351,548,71,34,0.3011264503002167,4,-1,-1
145,-1,1046,509,176,92,0.8837368488311768,9,-1,-1
145,-1,1905,1063,180,90,0.8646094799041748,4,-1,-1
145,-1,373,601,69,36,0.32468587160110474,4,-1,-1
10,-1,1393,487,237,110,0.8171038031578064,6,-1,-1
10,-1,0,453,60,69,0.7417567372322083,6,-1,-1
10,-1,486,632,229,106,0.6258454918861389,6,-1,-1
10,-1,485,631,229,108,0.5961167812347412,7,-1,-1
10,-1,1579,436,74,42,0.2518250048160553,5,-1,-1
141,-1,1114,508,168,89,0.8827221989631653,9,-1,-1
141,-1,1761,1033,170,84,0.8636751174926758,4,-1,-1
141,-1,0,473,39,65,0.6473993062973022,6,-1,-1
141,-1,1063,928,59,39,0.4791278541088104,10,-1,-1
141,-1,402,601,69,38,0.38213199377059937,4,-1,-1
254,-1,2043,844,148,61,0.857612133026123,4,-1,-1
254,-1,1642,755,120,49,0.8272356390953064,4,-1,-1
254,-1,1496,820,135,69,0.8244506120681763,4,-1,-1
176,-1,2172,1154,220,121,0.9077606797218323,4,-1,-1
176,-1,633,558,241,120,0.8979141712188721,9,-1,-1
176,-1,1875,1118,231,162,0.8820290565490723,5,-1,-1
176,-1,1688,867,118,51,0.8453791737556458,4,-1,-1
176,-1,362,608,74,35,0.5068855881690979,4,-1,-1
184,-1,478,527,279,133,0.9081728458404541,9,-1,-1
184,-1,2549,891,170,128,0.8680840730667114,6,-1,-1
184,-1,2600,1196,119,149,0.8166045546531677,4,-1,-1
184,-1,2290,1159,269,185,0.7550363540649414,6,-1,-1
184,-1,1485,787,100,49,0.6328963041305542,4,-1,-1
184,-1,364,562,72,38,0.3976908028125763,4,-1,-1
184,-1,2289,1159,271,187,0.3421362638473511,5,-1,-1
117,-1,1442,488,136,77,0.8516865372657776,9,-1,-1
117,-1,81,464,109,67,0.8423872590065002,6,-1,-1
28,-1,1429,915,140,74,0.8744844794273376,4,-1,-1
28,-1,172,448,108,63,0.8688637018203735,6,-1,-1
28,-1,1128,567,159,77,0.8566170334815979,7,-1,-1
28,-1,1717,473,228,110,0.7845625877380371,6,-1,-1
208,-1,1901,797,199,109,0.8942899703979492,6,-1,-1
208,-1,1272,922,160,78,0.8788074254989624,4,-1,-1
208,-1,0,586,209,179,0.8743470311164856,9,-1,-1
208,-1,1007,903,139,73,0.8546432256698608,4,-1,-1
208,-1,356,549,73,37,0.3419652581214905,4,-1,-1
26,-1,1339,901,137,72,0.8592658638954163,4,-1,-1
26,-1,120,449,110,65,0.8554978370666504,6,-1,-1
26,-1,1045,572,168,78,0.8074926733970642,7,-1,-1
26,-1,1654,475,232,106,0.7814085483551025,6,-1,-1
178,-1,2273,1172,230,128,0.9002043008804321,4,-1,-1
178,-1,600,562,253,123,0.8975668549537659,9,-1,-1
178,-1,1632,849,117,60,0.7895153164863586,7,-1,-1
178,-1,1974,1137,239,169,0.7732484936714172,5,-1,-1
178,-1,1974,1135,238,170,0.40373533964157104,6,-1,-1
178,-1,363,608,74,36,0.3871426284313202,4,-1,-1
101,-1,95,462,108,69,0.7980191111564636,6,-1,-1
101,-1,1561,478,125,71,0.7373048663139343,9,-1,-1
101,-1,2007,500,68,47,0.48356103897094727,7,-1,-1
101,-1,1562,477,127,73,0.4553528130054474,6,-1,-1
101,-1,2208,466,172,79,0.4047080874443054,6,-1,-1
110,-1,1498,482,128,76,0.8862380981445312,9,-1,-1
110,-1,84,464,113,68,0.8379059433937073,6,-1,-1
168,-1,1505,1044,204,144,0.8991225957870483,5,-1,-1
168,-1,1800,1085,191,106,0.8942127227783203,4,-1,-1
168,-1,757,544,221,107,0.872913122177124,9,-1,-1
168,-1,1919,908,128,59,0.8527567982673645,4,-1,-1
37,-1,1800,987,168,83,0.8773329854011536,4,-1,-1
37,-1,334,446,99,59,0.8712599873542786,6,-1,-1
37,-1,93,414,82,43,0.804273247718811,6,-1,-1
37,-1,1935,474,212,87,0.8035330176353455,6,-1,-1
37,-1,1422,547,137,72,0.7442857027053833,7,-1,-1
37,-1,48,490,42,23,0.694672167301178,4,-1,-1
37,-1,1397,811,117,59,0.6908373832702637,4,-1,-1
37,-1,123,541,52,30,0.5638663172721863,4,-1,-1
37,-1,1424,547,135,72,0.3919735550880432,6,-1,-1
231,-1,1890,1108,197,105,0.8995223641395569,4,-1,-1
231,-1,2328,1160,255,117,0.8841161131858826,4,-1,-1
231,-1,1391,724,165,94,0.8721712827682495,6,-1,-1
231,-1,2322,976,190,82,0.8669784069061279,4,-1,-1
231,-1,2178,838,149,56,0.8479825258255005,4,-1,-1
231,-1,2687,914,32,67,0.38219186663627625,4,-1,-1
231,-1,351,547,71,34,0.31161603331565857,6,-1,-1
113,-1,1476,487,130,74,0.8805440664291382,9,-1,-1
113,-1,82,465,112,67,0.8391442894935608,6,-1,-1
39,-1,1864,1004,173,85,0.8684844374656677,4,-1,-1
39,-1,332,447,100,58,0.8632472157478333,6,-1,-1
39,-1,1448,825,120,58,0.8590413928031921,4,-1,-1
39,-1,1965,473,192,85,0.8280574679374695,6,-1,-1
39,-1,90,414,82,43,0.825271725654602,6,-1,-1
39,-1,1451,544,143,70,0.7767939567565918,6,-1,-1
39,-1,1931,448,49,50,0.4770694971084595,6,-1,-1
39,-1,755,562,58,26,0.42584145069122314,4,-1,-1
39,-1,36,487,42,24,0.36770519614219666,4,-1,-1
224,-1,1564,1033,174,93,0.8962611556053162,4,-1,-1
224,-1,1939,1076,220,100,0.8901532888412476,4,-1,-1
224,-1,1532,744,175,98,0.8861277103424072,6,-1,-1
224,-1,2372,864,159,58,0.8683687448501587,4,-1,-1
224,-1,2648,1041,72,84,0.8017724752426147,4,-1,-1
224,-1,351,548,71,34,0.5510134696960449,4,-1,-1
42,-1,331,447,98,60,0.8844792246818542,6,-1,-1
42,-1,1964,1029,179,91,0.8737297654151917,4,-1,-1
42,-1,1523,841,128,62,0.8645113110542297,4,-1,-1
42,-1,1977,472,198,88,0.8018963932991028,6,-1,-1
42,-1,249,554,53,28,0.7495771646499634,4,-1,-1
42,-1,162,551,53,31,0.7330300807952881,4,-1,-1
42,-1,88,415,84,42,0.6877608299255371,6,-1,-1
42,-1,1505,538,130,68,0.5533633828163147,6,-1,-1
42,-1,0,503,35,35,0.5024494528770447,4,-1,-1
42,-1,1503,538,131,69,0.47911906242370605,7,-1,-1
42,-1,1921,448,55,53,0.4209415018558502,6,-1,-1
42,-1,754,562,59,27,0.25083160400390625,4,-1,-1
238,-1,2273,1196,237,122,0.8968761563301086,4,-1,-1
238,-1,2035,921,170,77,0.869898796081543,4,-1,-1
238,-1,1996,812,138,55,0.8591867685317993,4,-1,-1
238,-1,2473,901,171,69,0.814368724822998,4,-1,-1
238,-1,0,604,21,37,0.4840938150882721,4,-1,-1
238,-1,351,549,69,34,0.4742545187473297,4,-1,-1
78,-1,298,449,103,60,0.8832916021347046,6,-1,-1
78,-1,2210,468,183,77,0.7768388986587524,6,-1,-1
78,-1,1947,498,83,51,0.7487611770629883,7,-1,-1
78,-1,55,413,83,44,0.7400030493736267,6,-1,-1
78,-1,1823,459,92,62,0.6795598864555359,6,-1,-1
78,-1,200,575,70,50,0.6178833246231079,4,-1,-1
78,-1,229,520,50,31,0.5612934827804565,4,-1,-1
78,-1,723,564,64,32,0.41435399651527405,4,-1,-1
119,-1,1415,491,138,77,0.8262444734573364,9,-1,-1
119,-1,64,463,110,68,0.8233535289764404,6,-1,-1
119,-1,2107,490,61,44,0.5509037375450134,7,-1,-1
195,-1,219,543,327,152,0.9216349720954895,9,-1,-1
195,-1,2237,842,219,116,0.8935239911079407,6,-1,-1
57,-1,1997,954,163,75,0.8848777413368225,4,-1,-1
57,-1,2579,1188,141,112,0.8275393843650818,4,-1,-1
57,-1,2059,466,204,84,0.8021096587181091,6,-1,-1
57,-1,322,446,100,64,0.788279116153717,6,-1,-1
57,-1,81,417,82,45,0.7811757922172546,6,-1,-1
57,-1,1712,512,118,64,0.7223156690597534,6,-1,-1
57,-1,1892,452,70,56,0.6848680377006531,6,-1,-1
57,-1,77,530,60,45,0.6374218463897705,5,-1,-1
57,-1,368,587,68,33,0.6244794130325317,4,-1,-1
57,-1,275,583,56,34,0.5354951024055481,4,-1,-1
57,-1,457,558,56,33,0.4817781150341034,4,-1,-1
65,-1,2317,1021,193,87,0.886208713054657,4,-1,-1
65,-1,318,444,100,61,0.8796085715293884,6,-1,-1
65,-1,72,408,87,49,0.7858033776283264,6,-1,-1
65,-1,1807,497,100,62,0.7800449728965759,7,-1,-1
65,-1,2126,460,178,79,0.7002301812171936,6,-1,-1
65,-1,371,538,54,31,0.6371917724609375,4,-1,-1
65,-1,338,592,61,42,0.4584940969944,4,-1,-1
65,-1,130,542,61,46,0.45382487773895264,5,-1,-1
65,-1,1852,451,94,58,0.3327913284301758,6,-1,-1
94,-1,1609,477,110,65,0.8071473240852356,9,-1,-1
94,-1,101,463,109,67,0.7923638820648193,6,-1,-1
94,-1,1939,505,87,46,0.6394410133361816,7,-1,-1
94,-1,555,590,66,36,0.5536120533943176,4,-1,-1
94,-1,136,648,74,40,0.4612947404384613,5,-1,-1
94,-1,2170,471,132,72,0.4573504328727722,6,-1,-1
94,-1,136,648,74,41,0.3746778666973114,4,-1,-1
48,-1,1694,885,142,66,0.8878844380378723,4,-1,-1
48,-1,2183,1087,203,99,0.8700136542320251,4,-1,-1
48,-1,323,448,105,61,0.8646767735481262,6,-1,-1
48,-1,2027,470,185,81,0.845854640007019,6,-1,-1
48,-1,205,563,57,33,0.7630252242088318,4,-1,-1
48,-1,300,568,50,28,0.7198871374130249,4,-1,-1
48,-1,84,414,80,47,0.6824836134910583,6,-1,-1
48,-1,18,513,54,40,0.6615372896194458,5,-1,-1
48,-1,1592,525,126,65,0.5524472594261169,7,-1,-1
48,-1,1592,526,128,64,0.5484718084335327,6,-1,-1
215,-1,1731,771,191,104,0.8979246616363525,6,-1,-1
215,-1,1227,953,151,80,0.8925555944442749,4,-1,-1
215,-1,1533,984,182,84,0.8858868479728699,4,-1,-1
215,-1,2633,900,87,52,0.7673566937446594,4,-1,-1
75,-1,304,447,100,62,0.8790421485900879,6,-1,-1
75,-1,1917,496,87,58,0.8723689913749695,7,-1,-1
75,-1,2190,466,180,81,0.7597896456718445,6,-1,-1
75,-1,57,413,85,45,0.7193200588226318,6,-1,-1
75,-1,1828,456,94,62,0.7049646973609924,6,-1,-1
75,-1,187,565,64,53,0.6263964772224426,4,-1,-1
75,-1,262,524,50,31,0.36043497920036316,4,-1,-1
182,-1,2488,1193,230,135,0.8985733389854431,4,-1,-1
182,-1,525,542,259,129,0.8871883153915405,9,-1,-1
182,-1,2608,914,111,106,0.7856728434562683,6,-1,-1
182,-1,1528,814,111,52,0.6814720034599304,7,-1,-1
182,-1,2184,1155,253,181,0.49945497512817383,5,-1,-1
182,-1,2181,1154,258,182,0.3908647298812866,6,-1,-1
11,-1,1395,482,248,128,0.8490939140319824,6,-1,-1
11,-1,517,624,223,107,0.7625998854637146,7,-1,-1
11,-1,0,453,59,68,0.7446675896644592,6,-1,-1
11,-1,1581,435,74,46,0.4694277346134186,5,-1,-1
11,-1,515,626,224,104,0.4301108717918396,6,-1,-1
207,-1,0,584,237,172,0.909776508808136,9,-1,-1
207,-1,1922,800,204,104,0.8861976861953735,6,-1,-1
207,-1,1235,913,161,78,0.8739014267921448,4,-1,-1
207,-1,981,895,134,75,0.3670850396156311,4,-1,-1
207,-1,358,548,73,38,0.33148354291915894,7,-1,-1
265,-1,1772,817,142,57,0.8407491445541382,4,-1,-1
265,-1,96,563,68,29,0.6524431705474854,4,-1,-1
265,-1,1260,803,54,34,0.46856454014778137,7,-1,-1
218,-1,1662,761,187,106,0.8915066719055176,6,-1,-1
218,-1,1333,976,155,84,0.8876029849052429,4,-1,-1
218,-1,1659,1010,194,92,0.8789529204368591,4,-1,-1
218,-1,2545,889,169,60,0.8423445820808411,4,-1,-1
218,-1,962,1038,51,34,0.26854971051216125,10,-1,-1
228,-1,1741,1075,189,100,0.9034208059310913,4,-1,-1
228,-1,1449,733,168,92,0.9013634324073792,6,-1,-1
228,-1,2155,1123,236,107,0.8986431956291199,4,-1,-1
228,-1,2456,1002,203,85,0.8695840835571289,4,-1,-1
228,-1,2259,850,154,57,0.8589638471603394,4,-1,-1
228,-1,352,548,71,34,0.250690758228302,4,-1,-1
247,-1,1786,775,131,53,0.865469217300415,4,-1,-1
247,-1,1714,856,151,74,0.8613306879997253,4,-1,-1
247,-1,2224,863,157,65,0.8368803858757019,4,-1,-1
135,-1,1202,504,157,85,0.8845049738883972,9,-1,-1
135,-1,1559,984,154,76,0.8768023252487183,4,-1,-1
135,-1,0,467,78,70,0.8437808752059937,6,-1,-1
135,-1,437,601,69,35,0.4983983337879181,4,-1,-1
154,-1,1012,931,163,116,0.8831766843795776,5,-1,-1
154,-1,1298,971,153,87,0.8738093376159668,4,-1,-1
154,-1,938,522,192,97,0.8736680746078491,9,-1,-1
154,-1,2338,1163,217,102,0.8732127547264099,4,-1,-1
154,-1,2372,975,150,62,0.8393175601959229,4,-1,-1
131,-1,0,467,80,71,0.8584324717521667,6,-1,-1
131,-1,1423,954,144,72,0.8565229773521423,4,-1,-1
131,-1,1241,502,151,83,0.8186341524124146,9,-1,-1
147,-1,1991,1084,188,91,0.8750954270362854,4,-1,-1
147,-1,1018,514,183,90,0.873900830745697,9,-1,-1
147,-1,2633,1007,86,60,0.7579858303070068,4,-1,-1
147,-1,1110,919,140,85,0.6274809837341309,4,-1,-1
147,-1,1111,920,139,85,0.37245526909828186,6,-1,-1
147,-1,371,601,69,36,0.2925266921520233,4,-1,-1
260,-1,1896,833,145,60,0.8308071494102478,4,-1,-1
260,-1,1323,804,128,62,0.7230654954910278,4,-1,-1
260,-1,1527,744,116,50,0.6926511526107788,4,-1,-1
260,-1,158,573,76,33,0.35228124260902405,7,-1,-1
125,-1,1296,494,147,81,0.8727681636810303,9,-1,-1
125,-1,0,464,85,71,0.8545339703559875,6,-1,-1
130,-1,1249,500,151,84,0.8746337294578552,9,-1,-1
130,-1,1389,947,143,70,0.8664749264717102,4,-1,-1
130,-1,0,467,81,71,0.8579792380332947,6,-1,-1
175,-1,1825,1110,227,157,0.8979012966156006,5,-1,-1
175,-1,648,558,244,118,0.8973852396011353,9,-1,-1
175,-1,2123,1143,216,122,0.8957924246788025,4,-1,-1
175,-1,1714,870,122,55,0.8430082201957703,4,-1,-1
175,-1,362,608,73,39,0.3277149498462677,4,-1,-1
203,-1,2024,814,207,119,0.8957458734512329,6,-1,-1
203,-1,0,567,351,170,0.8950722217559814,9,-1,-1
203,-1,1115,884,141,75,0.7190930247306824,4,-1,-1
203,-1,359,548,72,34,0.4991464912891388,4,-1,-1
45,-1,2070,1057,191,94,0.8884801268577576,4,-1,-1
45,-1,329,448,99,60,0.8786324262619019,6,-1,-1
45,-1,1605,862,135,64,0.8701788783073425,4,-1,-1
45,-1,2008,470,182,81,0.8368633985519409,6,-1,-1
45,-1,183,558,56,31,0.781046986579895,4,-1,-1
45,-1,0,508,53,38,0.6931785345077515,4,-1,-1
45,-1,83,412,86,47,0.6294723749160767,6,-1,-1
45,-1,272,562,55,28,0.5990495085716248,4,-1,-1
45,-1,1551,531,129,69,0.5755714774131775,6,-1,-1
45,-1,1548,530,131,69,0.5280198454856873,7,-1,-1
45,-1,1923,449,55,51,0.41534966230392456,6,-1,-1
45,-1,0,482,46,36,0.34957781434059143,4,-1,-1
259,-1,1920,839,145,55,0.8477880358695984,4,-1,-1
259,-1,1348,809,134,63,0.8020404577255249,4,-1,-1
259,-1,1547,749,116,48,0.7739061117172241,4,-1,-1
1,-1,1270,499,287,135,0.8364314436912537,6,-1,-1
1,-1,0,452,65,71,0.5008611679077148,6,-1,-1
1,-1,153,683,290,121,0.4673168361186981,6,-1,-1
1,-1,152,683,293,122,0.41308125853538513,7,-1,-1
1,-1,1553,435,77,47,0.32632362842559814,9,-1,-1
133,-1,1221,502,157,84,0.8957345485687256,9,-1,-1
133,-1,1488,969,150,74,0.860709011554718,4,-1,-1
133,-1,0,467,79,71,0.8601851463317871,6,-1,-1
133,-1,439,600,68,37,0.6145119667053223,4,-1,-1
214,-1,1194,947,150,78,0.8912876844406128,4,-1,-1
214,-1,1751,776,196,102,0.8869932889938354,6,-1,-1
214,-1,1495,973,177,84,0.8755313754081726,4,-1,-1
214,-1,2662,908,57,49,0.6202874183654785,4,-1,-1
22,-1,5,450,120,67,0.8478974103927612,6,-1,-1
22,-1,869,579,185,92,0.8265893459320068,7,-1,-1
22,-1,1540,473,233,119,0.7880667448043823,6,-1,-1
226,-1,1652,1053,180,96,0.9004034399986267,4,-1,-1
226,-1,2046,1098,226,104,0.8894031047821045,4,-1,-1
226,-1,1489,739,173,92,0.8789305686950684,6,-1,-1
226,-1,2316,857,154,58,0.8769423961639404,4,-1,-1
226,-1,2550,1019,170,89,0.8644484877586365,4,-1,-1
226,-1,1632,677,65,84,0.4328465759754181,6,-1,-1
226,-1,351,549,71,33,0.3367716372013092,4,-1,-1
50,-1,2262,1108,213,101,0.8769202828407288,4,-1,-1
50,-1,1756,899,146,70,0.871025800704956,4,-1,-1
50,-1,324,447,101,64,0.8647384643554688,6,-1,-1
50,-1,2042,469,179,86,0.836323618888855,6,-1,-1
50,-1,221,568,57,34,0.8053892254829407,4,-1,-1
50,-1,84,416,84,46,0.7827422618865967,6,-1,-1
50,-1,1621,522,123,67,0.7629354000091553,6,-1,-1
50,-1,317,574,55,28,0.7362032532691956,4,-1,-1
50,-1,31,516,56,43,0.7311434745788574,5,-1,-1
50,-1,1909,451,55,54,0.303489625453949,6,-1,-1
139,-1,1146,506,164,88,0.888174831867218,9,-1,-1
139,-1,1694,1018,163,79,0.8747351765632629,4,-1,-1
139,-1,0,469,56,69,0.7470263838768005,6,-1,-1
139,-1,413,600,73,37,0.42560917139053345,4,-1,-1
74,-1,305,447,100,61,0.8835721015930176,6,-1,-1
74,-1,1907,499,85,56,0.8733577132225037,7,-1,-1
74,-1,2187,462,176,81,0.810014545917511,6,-1,-1
74,-1,61,414,86,43,0.7738221287727356,6,-1,-1
74,-1,1829,455,95,60,0.6444928646087646,6,-1,-1
74,-1,181,564,67,50,0.604388415813446,4,-1,-1
74,-1,274,524,50,33,0.5688403844833374,5,-1,-1
128,-1,1270,498,147,82,0.8913267850875854,9,-1,-1
128,-1,0,466,82,71,0.8533644080162048,6,-1,-1
128,-1,1327,929,137,69,0.8370586037635803,4,-1,-1
68,-1,2459,1057,207,93,0.8968429565429688,4,-1,-1
68,-1,313,442,103,62,0.8485689163208008,6,-1,-1
68,-1,2142,462,181,78,0.7685761451721191,6,-1,-1
68,-1,353,598,67,38,0.7512713074684143,4,-1,-1
68,-1,72,410,86,46,0.6216158866882324,6,-1,-1
68,-1,150,547,62,48,0.5617236495018005,4,-1,-1
68,-1,1842,490,94,66,0.3901417851448059,7,-1,-1
68,-1,1819,453,114,57,0.33593055605888367,6,-1,-1
68,-1,1841,493,95,63,0.29844024777412415,6,-1,-1
234,-1,2043,1145,216,112,0.8972322940826416,4,-1,-1
234,-1,2099,828,143,54,0.8794007301330566,4,-1,-1
234,-1,2518,1202,201,123,0.8702360987663269,4,-1,-1
234,-1,2195,952,180,80,0.8685644268989563,4,-1,-1
234,-1,1329,723,164,83,0.7850280404090881,6,-1,-1
234,-1,2590,914,130,63,0.7158787250518799,4,-1,-1
234,-1,352,549,70,33,0.40884849429130554,4,-1,-1
124,-1,1306,494,147,79,0.8528395295143127,9,-1,-1
124,-1,0,463,85,72,0.837644636631012,6,-1,-1
124,-1,2064,490,60,36,0.27817633748054504,7,-1,-1
126,-1,1292,495,141,81,0.8756697773933411,9,-1,-1
126,-1,0,465,83,71,0.8538854122161865,6,-1,-1
262,-1,1270,794,126,61,0.8237621188163757,4,-1,-1
262,-1,1847,824,142,65,0.8217207789421082,4,-1,-1
262,-1,1496,740,108,46,0.49814271926879883,4,-1,-1
47,-1,325,448,103,61,0.8746873140335083,6,-1,-1
47,-1,2142,1076,201,98,0.873892605304718,4,-1,-1
47,-1,1665,877,138,64,0.8665580749511719,4,-1,-1
47,-1,2018,470,185,83,0.825075089931488,6,-1,-1
47,-1,289,566,56,27,0.7771667838096619,4,-1,-1
47,-1,196,561,60,33,0.7761633396148682,4,-1,-1
47,-1,1578,526,126,67,0.69399493932724,6,-1,-1
47,-1,86,414,81,46,0.6572420001029968,6,-1,-1
47,-1,12,512,53,38,0.48464399576187134,4,-1,-1
47,-1,1917,450,62,54,0.47958460450172424,6,-1,-1
18,-1,1451,475,242,118,0.8269733190536499,6,-1,-1
18,-1,712,596,204,93,0.8051441311836243,7,-1,-1
18,-1,0,455,57,67,0.49517932534217834,6,-1,-1
18,-1,1596,435,66,52,0.264460027217865,5,-1,-1
160,-1,1205,974,176,130,0.8850268721580505,5,-1,-1
160,-1,866,528,204,107,0.8839665055274963,9,-1,-1
160,-1,1489,1014,170,97,0.8814725279808044,4,-1,-1
160,-1,2169,945,137,61,0.8532994985580444,4,-1,-1
160,-1,366,604,73,39,0.35472071170806885,4,-1,-1
160,-1,1631,739,72,80,0.29379570484161377,6,-1,-1
177,-1,2222,1164,226,122,0.8948228359222412,4,-1,-1
177,-1,613,559,253,124,0.8883333206176758,9,-1,-1
177,-1,1658,855,121,59,0.7817093729972839,4,-1,-1
177,-1,1923,1126,242,171,0.7807778120040894,5,-1,-1
177,-1,363,608,73,36,0.35541191697120667,4,-1,-1
123,-1,1320,493,139,80,0.8760359883308411,9,-1,-1
123,-1,0,460,89,75,0.8217905759811401,6,-1,-1
123,-1,1192,888,122,65,0.4814271330833435,4,-1,-1
123,-1,1195,888,119,67,0.27208471298217773,6,-1,-1
29,-1,1473,921,143,75,0.8839032649993896,4,-1,-1
29,-1,1171,564,153,79,0.8240773677825928,7,-1,-1
29,-1,200,447,106,63,0.7906410098075867,6,-1,-1
29,-1,1751,472,228,114,0.7162046432495117,6,-1,-1
29,-1,0,423,32,39,0.34251633286476135,6,-1,-1
194,-1,244,539,318,150,0.9151181578636169,9,-1,-1
194,-1,2261,845,224,119,0.8796976804733276,6,-1,-1
44,-1,330,448,98,60,0.8789687752723694,6,-1,-1
44,-1,2035,1048,186,93,0.8782098889350891,4,-1,-1
44,-1,1579,855,131,64,0.8766499161720276,4,-1,-1
44,-1,1999,470,189,86,0.8104348182678223,6,-1,-1
44,-1,1535,533,125,69,0.7518604397773743,6,-1,-1
44,-1,175,554,59,33,0.6993827819824219,4,-1,-1
44,-1,265,560,52,27,0.6877750158309937,4,-1,-1
44,-1,84,414,84,44,0.6449505090713501,6,-1,-1
44,-1,1921,448,55,54,0.48410564661026,6,-1,-1
44,-1,0,506,46,37,0.4481286406517029,4,-1,-1
217,-1,1296,969,154,83,0.8959926962852478,4,-1,-1
217,-1,1684,765,188,102,0.8841562867164612,6,-1,-1
217,-1,1616,1001,190,89,0.8822020888328552,4,-1,-1
217,-1,2574,891,146,64,0.8125215172767639,4,-1,-1
197,-1,161,549,340,156,0.9077396392822266,9,-1,-1
197,-1,2179,835,222,115,0.8892459273338318,6,-1,-1
52,-1,1822,915,151,69,0.8851250410079956,4,-1,-1
52,-1,2349,1129,219,105,0.8810803890228271,4,-1,-1
52,-1,322,446,102,64,0.8511013388633728,6,-1,-1
52,-1,2037,468,196,87,0.8176458477973938,6,-1,-1
52,-1,83,416,81,46,0.7740000486373901,6,-1,-1
52,-1,234,573,62,36,0.7635583281517029,4,-1,-1
52,-1,1648,518,120,65,0.725838840007782,6,-1,-1
52,-1,331,579,57,28,0.6250470876693726,4,-1,-1
52,-1,45,521,54,42,0.49829986691474915,5,-1,-1
52,-1,515,567,56,34,0.2902461290359497,7,-1,-1
239,-1,2336,1210,242,125,0.9031731486320496,4,-1,-1
239,-1,1999,915,167,74,0.8801666498184204,4,-1,-1
239,-1,1972,808,137,54,0.8558623194694519,4,-1,-1
239,-1,2444,897,171,58,0.7992726564407349,4,-1,-1
239,-1,0,606,32,38,0.4660438299179077,4,-1,-1
239,-1,352,549,69,34,0.3864465653896332,4,-1,-1
86,-1,1697,472,119,65,0.8045283555984497,6,-1,-1
86,-1,173,457,108,68,0.7955490350723267,6,-1,-1
86,-1,2172,475,180,76,0.7654584646224976,6,-1,-1
86,-1,1937,509,75,45,0.6114537715911865,7,-1,-1
86,-1,26,524,51,30,0.5634670853614807,4,-1,-1
86,-1,134,616,76,59,0.5558546185493469,5,-1,-1
232,-1,1937,1120,203,107,0.9009839296340942,4,-1,-1
232,-1,2390,1173,260,119,0.8948342800140381,4,-1,-1
232,-1,1368,723,165,90,0.8912005424499512,6,-1,-1
232,-1,2279,968,189,81,0.8626880049705505,4,-1,-1
232,-1,2151,834,153,56,0.8595629334449768,4,-1,-1
232,-1,2654,925,65,56,0.5549613833427429,4,-1,-1
232,-1,353,548,69,34,0.28433024883270264,6,-1,-1
38,-1,1833,996,168,84,0.8715316653251648,4,-1,-1
38,-1,333,447,100,58,0.8606599569320679,6,-1,-1
38,-1,1440,545,136,71,0.8444189429283142,6,-1,-1
38,-1,1424,819,118,59,0.831807553768158,4,-1,-1
38,-1,1943,474,207,87,0.8044984936714172,6,-1,-1
38,-1,92,413,82,44,0.8025809526443481,6,-1,-1
38,-1,42,492,42,21,0.7213519215583801,4,-1,-1
38,-1,133,541,50,31,0.6553894281387329,4,-1,-1
38,-1,1933,448,48,49,0.3977733552455902,6,-1,-1
71,-1,309,445,102,59,0.8646492958068848,6,-1,-1
71,-1,1877,498,85,56,0.8408634662628174,7,-1,-1
71,-1,2617,1096,102,101,0.8210949301719666,4,-1,-1
71,-1,2142,465,202,79,0.802363395690918,6,-1,-1
71,-1,66,411,88,46,0.7695580124855042,6,-1,-1
71,-1,168,555,63,49,0.5506630539894104,5,-1,-1
71,-1,379,602,42,34,0.36003974080085754,4,-1,-1
71,-1,307,529,51,31,0.2615567743778229,4,-1,-1
118,-1,1431,489,135,78,0.87204909324646,9,-1,-1
118,-1,75,463,109,68,0.8535796999931335,6,-1,-1
118,-1,2110,491,62,43,0.4261152148246765,7,-1,-1
51,-1,2306,1118,214,105,0.8780934810638428,4,-1,-1
51,-1,1788,906,149,68,0.8695715665817261,4,-1,-1
51,-1,322,445,103,65,0.8592178821563721,6,-1,-1
51,-1,2041,469,183,84,0.8127132058143616,6,-1,-1
51,-1,228,570,59,35,0.7647228240966797,4,-1,-1
51,-1,84,416,82,46,0.7635312676429749,6,-1,-1
51,-1,325,576,60,29,0.7154622077941895,4,-1,-1
51,-1,1635,520,118,64,0.6410866975784302,6,-1,-1
51,-1,37,517,58,43,0.5622403621673584,5,-1,-1
51,-1,526,570,62,37,0.34067365527153015,8,-1,-1
12,-1,1397,483,249,127,0.8789325952529907,6,-1,-1
12,-1,0,453,58,68,0.716627836227417,6,-1,-1
12,-1,547,622,220,102,0.5761775374412537,7,-1,-1
12,-1,546,622,222,102,0.556019127368927,6,-1,-1
12,-1,1583,435,71,45,0.46241551637649536,5,-1,-1
245,-1,2276,872,163,63,0.8620824813842773,4,-1,-1
245,-1,1833,783,131,54,0.8610293865203857,4,-1,-1
245,-1,1782,872,158,73,0.8609555959701538,4,-1,-1
245,-1,14,614,72,34,0.41000306606292725,4,-1,-1
88,-1,118,463,114,67,0.8532346487045288,6,-1,-1
88,-1,1652,472,130,66,0.6434165835380554,6,-1,-1
88,-1,99,628,81,58,0.5300079584121704,4,-1,-1
88,-1,2146,474,168,71,0.5027902126312256,6,-1,-1
88,-1,99,627,81,58,0.37564876675605774,5,-1,-1
213,-1,1778,780,192,106,0.8881428837776184,6,-1,-1
213,-1,1163,937,146,80,0.8874407410621643,4,-1,-1
213,-1,1455,963,174,84,0.8744374513626099,4,-1,-1
213,-1,356,549,70,35,0.34986674785614014,4,-1,-1
190,-1,347,529,297,142,0.8998568654060364,9,-1,-1
190,-1,2371,858,237,129,0.8844559192657471,6,-1,-1
190,-1,2655,1224,64,172,0.2531854808330536,6,-1,-1
158,-1,1136,959,174,123,0.9076312184333801,5,-1,-1
158,-1,1423,997,161,93,0.8779304623603821,4,-1,-1
158,-1,888,526,200,103,0.8771904110908508,9,-1,-1
158,-1,2234,956,143,62,0.8689414858818054,4,-1,-1
158,-1,2568,1211,152,110,0.851764976978302,4,-1,-1
158,-1,369,604,68,38,0.2876741886138916,4,-1,-1
4,-1,1313,493,272,129,0.8330073952674866,6,-1,-1
4,-1,277,665,265,113,0.7812984585762024,7,-1,-1
4,-1,0,453,64,70,0.5931891202926636,6,-1,-1
4,-1,276,667,266,113,0.39303597807884216,6,-1,-1
87,-1,1671,472,125,67,0.8636021614074707,6,-1,-1
87,-1,146,462,107,65,0.7636318206787109,6,-1,-1
87,-1,1927,505,75,48,0.730842113494873,7,-1,-1
87,-1,2157,470,177,78,0.7121827006340027,6,-1,-1
87,-1,0,524,40,31,0.7064840197563171,4,-1,-1
87,-1,114,622,78,58,0.4751541018486023,5,-1,-1
87,-1,114,622,78,58,0.46811386942863464,4,-1,-1
90,-1,107,464,110,67,0.8248698711395264,6,-1,-1
90,-1,1631,476,111,66,0.8087409138679504,6,-1,-1
90,-1,2147,473,170,74,0.766007661819458,6,-1,-1
90,-1,1920,506,81,47,0.7445653080940247,7,-1,-1
90,-1,96,636,87,54,0.6188951730728149,4,-1,-1
90,-1,564,590,60,34,0.30086952447891235,4,-1,-1
90,-1,563,590,62,35,0.29954543709754944,7,-1,-1
32,-1,1612,949,155,76,0.8696082234382629,4,-1,-1
32,-1,280,447,101,61,0.8648075461387634,6,-1,-1
32,-1,1838,476,221,104,0.8316234946250916,6,-1,-1
32,-1,116,538,49,25,0.7515714168548584,4,-1,-1
32,-1,26,534,53,28,0.7435442209243774,4,-1,-1
32,-1,12,500,50,22,0.7149449586868286,4,-1,-1
32,-1,1287,557,150,75,0.559046745300293,7,-1,-1
32,-1,1288,557,150,74,0.5351232886314392,6,-1,-1
32,-1,2667,1083,52,101,0.4467352032661438,1,-1,-1
32,-1,25,416,90,42,0.4396456182003021,6,-1,-1
167,-1,1465,1035,196,140,0.9077924489974976,5,-1,-1
167,-1,1760,1074,186,107,0.8923642635345459,4,-1,-1
167,-1,774,544,222,107,0.8701590895652771,9,-1,-1
167,-1,1949,914,129,57,0.8482635617256165,4,-1,-1
167,-1,479,459,109,41,0.2854622006416321,6,-1,-1
8,-1,1372,487,244,109,0.8386504054069519,6,-1,-1
8,-1,0,454,61,68,0.7085354924201965,6,-1,-1
8,-1,417,644,244,106,0.6990762948989868,7,-1,-1
8,-1,415,643,247,108,0.4814605116844177,6,-1,-1
8,-1,1575,435,72,44,0.3236445188522339,5,-1,-1
236,-1,2156,1169,221,117,0.8937476277351379,4,-1,-1
236,-1,2112,936,178,78,0.8576805591583252,4,-1,-1
236,-1,2048,820,140,54,0.8560999035835266,4,-1,-1
236,-1,2532,908,174,61,0.8352594971656799,4,-1,-1
236,-1,2652,1229,68,102,0.7387456893920898,4,-1,-1
236,-1,351,549,69,34,0.3135147988796234,4,-1,-1
166,-1,1719,1063,183,107,0.8820753693580627,4,-1,-1
166,-1,784,541,218,108,0.8759027123451233,9,-1,-1
166,-1,1978,918,132,58,0.83985435962677,4,-1,-1
166,-1,1427,1026,192,139,0.8246945142745972,5,-1,-1
