237,-1,2217,1185,226,116,0.8064340949058533,4,-1,-1
237,-1,2020,815,143,55,0.37917765974998474,4,-1,-1
196,-1,188,548,333,156,0.48934075236320496,6,-1,-1
196,-1,187,544,336,157,0.4366811513900757,9,-1,-1
60,-1,2109,979,178,79,0.3506126403808594,4,-1,-1
60,-1,95,538,65,40,0.33156323432922363,4,-1,-1
92,-1,115,639,79,46,0.3043842315673828,4,-1,-1
180,-1,559,563,258,126,0.5357872843742371,6,-1,-1
180,-1,2075,1153,248,180,0.4506708085536957,6,-1,-1
180,-1,2676,950,42,91,0.2906399965286255,4,-1,-1
20,-1,1504,473,216,102,0.3937082290649414,6,-1,-1
151,-1,965,517,195,101,0.5528548955917358,6,-1,-1
62,-1,2192,998,181,87,0.6138217449188232,4,-1,-1
62,-1,111,542,59,42,0.2785909175872803,4,-1,-1
66,-1,2360,1031,200,95,0.580497682094574,4,-1,-1
66,-1,136,543,66,47,0.3337271213531494,4,-1,-1
2,-1,1280,492,281,142,0.4874972999095917,6,-1,-1
2,-1,1548,434,92,57,0.33089399337768555,4,-1,-1
2,-1,4,511,2032,658,0.2572784125804901,11,-1,-1
179,-1,2026,1150,246,172,0.46655887365341187,6,-1,-1
179,-1,575,563,260,124,0.46073171496391296,6,-1,-1
179,-1,2025,1150,246,172,0.4446493089199066,4,-1,-1
157,-1,895,527,203,101,0.6275135278701782,6,-1,-1
157,-1,1104,954,171,116,0.49666839838027954,4,-1,-1
103,-1,1548,482,135,72,0.2644258737564087,6,-1,-1
169,-1,737,548,228,111,0.6180697083473206,6,-1,-1
169,-1,1545,1056,210,144,0.5869346857070923,4,-1,-1
169,-1,1845,1093,192,111,0.5030087828636169,4,-1,-1
169,-1,1889,902,128,57,0.3514004051685333,4,-1,-1
174,-1,662,556,243,118,0.5361338257789612,6,-1,-1
174,-1,1777,1101,224,162,0.5207074284553528,4,-1,-1
174,-1,2073,1129,216,127,0.2701888084411621,4,-1,-1
242,-1,2535,1257,183,113,0.6982247829437256,4,-1,-1
242,-1,1900,798,137,50,0.38141193985939026,4,-1,-1
242,-1,1886,895,164,74,0.3750908374786377,4,-1,-1
3,-1,1295,491,278,130,0.49579057097435,6,-1,-1
165,-1,793,538,222,111,0.4482455849647522,6,-1,-1
220,-1,1409,996,161,89,0.6216191649436951,4,-1,-1
220,-1,1748,1033,202,91,0.2626955211162567,4,-1,-1
205,-1,1978,805,201,105,0.5517784357070923,6,-1,-1
205,-1,0,578,297,167,0.5349909663200378,9,-1,-1
222,-1,1482,1013,168,94,0.7722709774971008,4,-1,-1
222,-1,1841,1054,209,97,0.5439207553863525,4,-1,-1
250,-1,1,469,2069,819,0.2520574927330017,11,-1,-1
111,-1,1487,482,136,78,0.45354971289634705,6,-1,-1
77,-1,196,573,67,50,0.5058436393737793,4,-1,-1
181,-1,535,552,273,125,0.6011002063751221,6,-1,-1
181,-1,2127,1154,251,176,0.43646764755249023,6,-1,-1
181,-1,2662,931,56,75,0.28151246905326843,4,-1,-1
209,-1,0,595,173,144,0.5835136771202087,9,-1,-1
209,-1,0,596,172,145,0.5237748026847839,11,-1,-1
209,-1,1875,793,196,99,0.4188341200351715,6,-1,-1
209,-1,1038,909,143,78,0.2587945759296417,4,-1,-1
183,-1,501,537,271,132,0.5156334638595581,6,-1,-1
183,-1,2238,1161,260,181,0.4452192783355713,6,-1,-1
41,-1,1503,839,124,57,0.6625286340713501,4,-1,-1
41,-1,1931,1019,175,90,0.3616084158420563,4,-1,-1
100,-1,1566,483,57,56,0.36256664991378784,4,-1,-1
100,-1,1570,482,131,64,0.27709898352622986,6,-1,-1
84,-1,170,593,78,62,0.43664950132369995,4,-1,-1
84,-1,1749,465,69,60,0.28770214319229126,6,-1,-1
84,-1,1753,465,100,58,0.2619327902793884,6,-1,-1
171,-1,709,551,233,112,0.4882538914680481,6,-1,-1
171,-1,1635,1073,212,146,0.34388938546180725,4,-1,-1
55,-1,1923,936,157,71,0.6125289797782898,4,-1,-1
55,-1,1893,452,68,54,0.312625914812088,6,-1,-1
153,-1,945,521,194,99,0.44442957639694214,6,-1,-1
80,-1,208,582,69,47,0.5628780126571655,4,-1,-1
80,-1,1814,460,93,58,0.25954529643058777,6,-1,-1
27,-1,1699,438,212,128,0.3209998309612274,6,-1,-1
27,-1,148,451,103,59,0.31338387727737427,4,-1,-1
140,-1,1130,506,165,90,0.47213301062583923,6,-1,-1
191,-1,322,532,303,146,0.5307690501213074,6,-1,-1
115,-1,1457,484,135,79,0.4036557078361511,6,-1,-1
76,-1,192,571,68,47,0.4846811294555664,4,-1,-1
186,-1,439,515,280,144,0.5936274528503418,6,-1,-1
186,-1,2411,1177,277,186,0.39156997203826904,6,-1,-1
186,-1,2411,1178,275,184,0.3236086368560791,4,-1,-1
193,-1,265,535,321,155,0.4913288652896881,6,-1,-1
108,-1,1509,483,130,73,0.2982008755207062,6,-1,-1
25,-1,1644,442,221,121,0.45765456557273865,6,-1,-1
25,-1,1304,893,126,69,0.4272744357585907,4,-1,-1
25,-1,1002,569,167,87,0.4180513322353363,6,-1,-1
13,-1,613,617,174,100,0.45204928517341614,6,-1,-1
13,-1,1413,477,241,109,0.2995612323284149,6,-1,-1
36,-1,1427,550,116,70,0.295804888010025,11,-1,-1
129,-1,1259,493,153,90,0.3789006769657135,6,-1,-1
129,-1,0,470,78,67,0.27848973870277405,6,-1,-1
229,-1,2212,1134,238,108,0.40756386518478394,4,-1,-1
229,-1,1789,1087,193,105,0.3912780284881592,4,-1,-1
40,-1,1476,828,120,64,0.5024318099021912,4,-1,-1
216,-1,1260,959,158,86,0.6829259395599365,4,-1,-1
216,-1,1570,991,191,83,0.29274454712867737,4,-1,-1
142,-1,1097,509,171,89,0.4573705792427063,6,-1,-1
91,-1,109,636,81,50,0.37656649947166443,4,-1,-1
91,-1,1629,477,110,66,0.30884411931037903,6,-1,-1
63,-1,2228,1003,188,85,0.667214572429657,4,-1,-1
63,-1,116,540,65,44,0.4925118088722229,4,-1,-1
211,-1,0,602,115,140,0.5267177224159241,9,-1,-1
211,-1,1824,786,195,103,0.39169085025787354,6,-1,-1
70,-1,2560,1082,158,83,0.6925737261772156,4,-1,-1
70,-1,158,554,66,47,0.4202566146850586,4,-1,-1
70,-1,1849,451,105,100,0.28458648920059204,6,-1,-1
199,-1,98,551,356,167,0.598200798034668,9,-1,-1
199,-1,98,547,355,169,0.40050020813941956,6,-1,-1
155,-1,920,522,200,103,0.5930063724517822,6,-1,-1
243,-1,2605,1271,114,102,0.5890851616859436,4,-1,-1
187,-1,418,522,283,138,0.6092798709869385,6,-1,-1
187,-1,2463,1188,255,191,0.46167394518852234,6,-1,-1
187,-1,2457,865,253,123,0.3731538951396942,6,-1,-1
187,-1,2,470,2097,828,0.3214655816555023,6,-1,-1
81,-1,210,585,69,48,0.4133136570453644,4,-1,-1
15,-1,1425,435,250,150,0.5306521654129028,6,-1,-1
15,-1,673,613,169,88,0.4271852672100067,6,-1,-1
21,-1,1530,443,227,122,0.36019670963287354,6,-1,-1
21,-1,825,584,188,92,0.35833266377449036,6,-1,-1
21,-1,0,454,101,62,0.3182380497455597,6,-1,-1
14,-1,663,617,158,94,0.5735874176025391,6,-1,-1
14,-1,1420,435,242,156,0.42394566535949707,6,-1,-1
264,-1,1805,822,134,50,0.28422197699546814,11,-1,-1
120,-1,1391,486,136,85,0.32860326766967773,6,-1,-1
120,-1,1,549,2169,769,0.25132662057876587,11,-1,-1
170,-1,724,550,230,111,0.5440144538879395,6,-1,-1
170,-1,1593,1064,206,148,0.388962060213089,4,-1,-1
170,-1,1887,1098,197,113,0.37770992517471313,4,-1,-1
161,-1,849,530,207,107,0.6154149770736694,6,-1,-1
105,-1,1531,483,126,72,0.3382662236690521,6,-1,-1
198,-1,122,549,354,160,0.5081391334533691,9,-1,-1
198,-1,121,547,356,163,0.426378071308136,6,-1,-1
230,-1,1841,1097,194,108,0.6698973774909973,4,-1,-1
136,-1,1188,506,164,87,0.4794641435146332,4,-1,-1
136,-1,0,469,77,67,0.25205129384994507,6,-1,-1
67,-1,2409,1043,202,93,0.4442734718322754,4,-1,-1
67,-1,146,547,58,45,0.3482820391654968,4,-1,-1
67,-1,1835,450,102,103,0.28447777032852173,6,-1,-1
150,-1,981,520,184,88,0.3631575405597687,6,-1,-1
144,-1,1064,512,170,89,0.4245396554470062,6,-1,-1
82,-1,207,588,71,47,0.45911023020744324,4,-1,-1
192,-1,297,533,311,149,0.49905848503112793,6,-1,-1
58,-1,2031,962,169,74,0.6112537384033203,4,-1,-1
58,-1,3,509,2632,677,0.25014424324035645,11,-1,-1
204,-1,2004,810,201,104,0.5457035303115845,6,-1,-1
204,-1,3,574,325,171,0.5260985493659973,9,-1,-1
204,-1,0,575,326,169,0.42113515734672546,6,-1,-1
204,-1,4,484,2058,771,0.28878772258758545,6,-1,-1
49,-1,1720,890,148,69,0.6952978372573853,4,-1,-1
49,-1,1913,450,58,55,0.30914875864982605,6,-1,-1
227,-1,1696,1066,185,96,0.5131233334541321,4,-1,-1
227,-1,2095,1110,235,108,0.26193317770957947,4,-1,-1
56,-1,1959,945,164,72,0.717638373374939,4,-1,-1
56,-1,1889,452,71,55,0.32882654666900635,6,-1,-1
162,-1,839,533,207,108,0.5517650246620178,6,-1,-1
162,-1,1274,995,183,124,0.32145190238952637,4,-1,-1
127,-1,1285,496,141,83,0.42137861251831055,6,-1,-1
127,-1,0,469,80,68,0.28665614128112793,6,-1,-1
122,-1,1337,491,142,81,0.40950578451156616,6,-1,-1
122,-1,0,463,98,72,0.26550406217575073,6,-1,-1
163,-1,823,536,215,109,0.5165533423423767,6,-1,-1
163,-1,1308,1000,191,130,0.4708632528781891,4,-1,-1
163,-1,1598,1035,180,105,0.42484909296035767,4,-1,-1
59,-1,2073,971,167,75,0.6751033067703247,4,-1,-1
221,-1,1444,1003,166,93,0.6055166125297546,4,-1,-1
221,-1,1796,1043,204,92,0.5516010522842407,4,-1,-1
200,-1,59,558,372,165,0.6046534180641174,9,-1,-1
200,-1,59,556,372,167,0.3541910946369171,6,-1,-1
200,-1,2104,823,213,106,0.2994470000267029,6,-1,-1
253,-1,1516,833,149,60,0.3450483977794647,11,-1,-1
261,-1,1874,826,143,59,0.5138371586799622,4,-1,-1
244,-1,1851,790,132,51,0.3355940580368042,4,-1,-1
235,-1,2094,1159,228,114,0.6043186783790588,4,-1,-1
146,-1,1028,513,181,91,0.5619567632675171,6,-1,-1
72,-1,169,559,66,48,0.6036165356636047,4,-1,-1
73,-1,174,559,71,48,0.6120920777320862,4,-1,-1
152,-1,957,521,194,98,0.5368275046348572,6,-1,-1
172,-1,1679,1084,218,156,0.715518593788147,4,-1,-1
172,-1,689,553,237,115,0.6965318918228149,6,-1,-1
172,-1,1975,1118,202,113,0.397955060005188,4,-1,-1
106,-1,1525,483,129,72,0.3067267835140228,6,-1,-1
79,-1,205,579,67,48,0.5809435248374939,4,-1,-1
79,-1,1817,460,91,56,0.2588498294353485,6,-1,-1
185,-1,459,519,279,139,0.6142285466194153,6,-1,-1
185,-1,2345,1164,275,193,0.5293907523155212,6,-1,-1
185,-1,2664,1205,54,92,0.4025852382183075,4,-1,-1
109,-1,1507,480,130,77,0.4367735981941223,6,-1,-1
46,-1,1640,869,136,62,0.6324453353881836,4,-1,-1
46,-1,192,560,55,32,0.28259778022766113,4,-1,-1
46,-1,0,486,62,64,0.2502054274082184,4,-1,-1
121,-1,1359,489,144,83,0.36933308839797974,6,-1,-1
69,-1,2503,1066,212,99,0.7576422095298767,4,-1,-1
69,-1,153,551,66,47,0.5532019138336182,4,-1,-1
210,-1,0,595,147,144,0.6537654995918274,9,-1,-1
210,-1,1849,792,199,96,0.3300756812095642,6,-1,-1
148,-1,1007,512,180,98,0.5082106590270996,6,-1,-1
188,-1,394,525,290,138,0.6157234907150269,6,-1,-1
188,-1,2526,1202,192,185,0.4892888069152832,6,-1,-1
188,-1,1,471,2118,827,0.2503679096698761,6,-1,-1
263,-1,1823,822,142,54,0.5561003684997559,11,-1,-1
240,-1,2400,1224,249,126,0.6520789265632629,4,-1,-1
240,-1,1949,805,135,52,0.27769041061401367,4,-1,-1
240,-1,1958,911,166,73,0.2714913487434387,4,-1,-1
64,-1,2275,1013,186,85,0.7363500595092773,4,-1,-1
64,-1,118,542,68,41,0.4320128560066223,4,-1,-1
134,-1,1210,500,159,93,0.628720223903656,6,-1,-1
206,-1,0,584,268,159,0.5196903347969055,9,-1,-1
206,-1,1954,802,199,103,0.39290130138397217,6,-1,-1
206,-1,0,583,265,162,0.3651614785194397,11,-1,-1
54,-1,1887,927,157,72,0.8026660084724426,4,-1,-1
54,-1,1893,453,70,54,0.3611733019351959,6,-1,-1
54,-1,54,524,62,42,0.31175661087036133,4,-1,-1
223,-1,1523,1023,173,99,0.7436836957931519,4,-1,-1
223,-1,1888,1065,216,100,0.5766485929489136,4,-1,-1
89,-1,91,628,89,57,0.5129906535148621,4,-1,-1
202,-1,9,564,368,167,0.6069585680961609,9,-1,-1
202,-1,2050,815,210,106,0.3168851435184479,6,-1,-1
241,-1,2466,1238,250,128,0.6513650417327881,4,-1,-1
241,-1,1917,800,141,54,0.2927974760532379,4,-1,-1
85,-1,151,607,79,56,0.5539935827255249,4,-1,-1
85,-1,1721,471,55,58,0.32736268639564514,6,-1,-1
85,-1,77,520,41,37,0.30710914731025696,4,-1,-1
53,-1,1856,919,154,72,0.6329715251922607,4,-1,-1
53,-1,2,527,2678,657,0.35126957297325134,11,-1,-1
53,-1,1902,452,64,55,0.2713637053966522,6,-1,-1
31,-1,1829,447,201,111,0.2774641811847687,6,-1,-1
7,-1,2525,1179,194,272,0.3309539556503296,11,-1,-1
7,-1,432,651,202,103,0.32827115058898926,6,-1,-1
219,-1,1371,984,158,96,0.6280009150505066,4,-1,-1
219,-1,1705,1023,196,88,0.41542190313339233,4,-1,-1
93,-1,1615,478,108,65,0.26591044664382935,6,-1,-1
35,-1,4,491,2366,662,0.34345611929893494,11,-1,-1
149,-1,999,518,179,90,0.52695232629776,6,-1,-1
143,-1,1083,510,167,90,0.3939912021160126,6,-1,-1
246,-1,1808,780,134,53,0.4291936159133911,4,-1,-1
225,-1,1608,1045,179,93,0.7750524282455444,4,-1,-1
225,-1,1986,1087,229,102,0.498790442943573,4,-1,-1
225,-1,2600,1019,118,88,0.3525031805038452,4,-1,-1
98,-1,1579,479,128,66,0.30447205901145935,6,-1,-1
98,-1,1580,484,62,60,0.2761394679546356,6,-1,-1
30,-1,1801,443,197,115,0.2627505660057068,6,-1,-1
83,-1,191,589,74,57,0.5097514986991882,4,-1,-1
107,-1,1516,484,129,71,0.25961294770240784,6,-1,-1
189,-1,367,527,297,141,0.5537815093994141,9,-1,-1
189,-1,2591,1214,127,171,0.43886855244636536,6,-1,-1
189,-1,363,529,300,139,0.4047399163246155,6,-1,-1
201,-1,43,566,359,161,0.5115938782691956,6,-1,-1
201,-1,42,564,360,162,0.5063232183456421,9,-1,-1
201,-1,2077,816,210,115,0.36908188462257385,6,-1,-1
132,-1,1235,501,149,86,0.4699352979660034,6,-1,-1
212,-1,0,606,78,134,0.3731791079044342,6,-1,-1
212,-1,1801,786,195,94,0.3077692985534668,6,-1,-1
212,-1,1132,928,142,80,0.2721671462059021,4,-1,-1
102,-1,1562,480,130,72,0.38521406054496765,6,-1,-1
114,-1,1467,482,136,80,0.4383833706378937,6,-1,-1
43,-1,1550,848,131,64,0.4738115668296814,4,-1,-1
43,-1,0,550,2625,648,0.3511965572834015,11,-1,-1
43,-1,1996,1037,187,94,0.30607375502586365,4,-1,-1
164,-1,812,538,216,104,0.444784015417099,6,-1,-1
164,-1,1350,1011,190,129,0.32969895005226135,4,-1,-1
112,-1,1484,483,133,78,0.3689013421535492,6,-1,-1
112,-1,1529,484,87,75,0.3265819847583771,6,-1,-1
138,-1,1163,504,160,89,0.501868724822998,6,-1,-1
5,-1,372,661,197,113,0.4698060154914856,6,-1,-1
5,-1,1327,495,263,117,0.38824036717414856,6,-1,-1
99,-1,1575,484,59,61,0.36082175374031067,4,-1,-1
99,-1,1576,482,129,66,0.328477680683136,4,-1,-1
257,-1,1972,836,144,58,0.3007929027080536,4,-1,-1
23,-1,1572,439,233,137,0.6614126563072205,6,-1,-1
23,-1,37,451,110,63,0.4347301125526428,4,-1,-1
16,-1,1446,439,234,143,0.4521524906158447,6,-1,-1
16,-1,706,609,165,89,0.3793730139732361,6,-1,-1
19,-1,1486,479,218,99,0.3521254360675812,6,-1,-1
137,-1,1178,504,169,90,0.5383738875389099,6,-1,-1
61,-1,2150,989,175,78,0.7318249344825745,4,-1,-1
61,-1,102,539,63,44,0.3955746293067932,4,-1,-1
61,-1,3,529,2644,661,0.3046196401119232,11,-1,-1
61,-1,317,441,101,67,0.2626074254512787,6,-1,-1
156,-1,908,525,202,102,0.5388768315315247,6,-1,-1
24,-1,1612,455,221,118,0.3180754482746124,6,-1,-1
24,-1,984,579,147,79,0.25405794382095337,6,-1,-1
159,-1,872,527,204,108,0.668703019618988,6,-1,-1
159,-1,1170,970,178,115,0.30620017647743225,4,-1,-1
33,-1,1882,446,210,112,0.27779144048690796,6,-1,-1
173,-1,1733,1094,217,149,0.6593732237815857,4,-1,-1
173,-1,675,552,239,119,0.5572847127914429,6,-1,-1
173,-1,1732,1092,217,156,0.4027184545993805,6,-1,-1
173,-1,2025,1125,207,116,0.3095059394836426,4,-1,-1
233,-1,1994,1132,203,112,0.7482438087463379,4,-1,-1
145,-1,1038,511,183,92,0.46732962131500244,6,-1,-1
10,-1,0,455,61,64,0.2531416416168213,4,-1,-1
141,-1,1110,506,173,92,0.4980868995189667,6,-1,-1
176,-1,630,561,246,121,0.5367763042449951,6,-1,-1
176,-1,1877,1120,230,169,0.4401233196258545,6,-1,-1
176,-1,1878,1120,229,160,0.2503199577331543,4,-1,-1
184,-1,2292,1160,267,186,0.49616652727127075,6,-1,-1
184,-1,479,528,274,132,0.40203097462654114,6,-1,-1
184,-1,2603,1197,116,118,0.3311406672000885,4,-1,-1
117,-1,1442,487,138,82,0.4106547236442566,6,-1,-1
28,-1,1730,443,217,116,0.3507618308067322,6,-1,-1
208,-1,0,591,207,153,0.5814511775970459,11,-1,-1
208,-1,0,592,206,152,0.5167959928512573,9,-1,-1
208,-1,1902,795,197,106,0.4449912905693054,6,-1,-1
26,-1,1672,441,219,119,0.4001450836658478,6,-1,-1
26,-1,1048,567,158,85,0.3423070013523102,6,-1,-1
26,-1,1341,902,138,72,0.3138059079647064,4,-1,-1
178,-1,596,561,252,128,0.5602453947067261,6,-1,-1
178,-1,1974,1139,240,164,0.44530388712882996,6,-1,-1
178,-1,2275,1166,233,133,0.2920210063457489,4,-1,-1
101,-1,1564,482,140,68,0.3240201771259308,6,-1,-1
101,-1,1562,484,66,64,0.27605560421943665,4,-1,-1
110,-1,1495,482,131,78,0.3724849224090576,6,-1,-1
110,-1,1494,483,134,75,0.34382200241088867,4,-1,-1
168,-1,755,544,223,113,0.5929283499717712,6,-1,-1
37,-1,4,501,2378,651,0.277622252702713,11,-1,-1
37,-1,1399,808,119,69,0.2724260687828064,4,-1,-1
231,-1,1892,1109,195,109,0.8393686413764954,4,-1,-1
231,-1,2181,839,149,55,0.33814969658851624,4,-1,-1
39,-1,1449,825,123,61,0.4352792799472809,4,-1,-1
39,-1,334,447,97,56,0.26499703526496887,4,-1,-1
224,-1,1565,1035,178,93,0.6827577948570251,4,-1,-1
224,-1,2648,1038,70,65,0.5282674431800842,4,-1,-1
224,-1,1938,1077,222,97,0.5251057744026184,4,-1,-1
42,-1,1522,842,133,62,0.6087971329689026,4,-1,-1
42,-1,1548,850,105,55,0.335630863904953,4,-1,-1
42,-1,0,500,37,39,0.30807048082351685,4,-1,-1
238,-1,2277,1198,232,122,0.8285194635391235,4,-1,-1
78,-1,203,577,65,46,0.4308258295059204,4,-1,-1
78,-1,1818,458,92,59,0.2710954248905182,6,-1,-1
119,-1,1412,490,141,81,0.2819978594779968,6,-1,-1
195,-1,219,539,324,159,0.5225138664245605,6,-1,-1
195,-1,217,537,326,160,0.3062972128391266,9,-1,-1
57,-1,1995,953,166,75,0.6957308650016785,4,-1,-1
57,-1,1893,452,65,55,0.303140789270401,6,-1,-1
57,-1,3,510,2655,680,0.2620747983455658,11,-1,-1
65,-1,2312,1020,199,90,0.5758034586906433,4,-1,-1
65,-1,125,542,68,43,0.27064281702041626,4,-1,-1
48,-1,1694,883,144,66,0.7558070421218872,4,-1,-1
48,-1,1915,449,53,55,0.2623249590396881,6,-1,-1
215,-1,1230,952,152,82,0.6201355457305908,4,-1,-1
215,-1,1531,983,185,86,0.3483218848705292,4,-1,-1
75,-1,186,567,68,47,0.6993207931518555,4,-1,-1
182,-1,523,545,261,128,0.4689235985279083,9,-1,-1
182,-1,516,547,267,126,0.40342774987220764,6,-1,-1
182,-1,2182,1157,258,173,0.37392494082450867,6,-1,-1
182,-1,2184,1155,254,172,0.31356531381607056,4,-1,-1
182,-1,3,467,2180,851,0.2904815673828125,6,-1,-1
11,-1,519,632,217,97,0.3557567596435547,6,-1,-1
11,-1,1399,484,245,114,0.3360820412635803,6,-1,-1
207,-1,0,588,238,154,0.5288052558898926,9,-1,-1
207,-1,0,588,238,158,0.34872546792030334,11,-1,-1
207,-1,1924,799,199,99,0.3456937074661255,6,-1,-1
218,-1,1335,975,155,90,0.7476657629013062,4,-1,-1
218,-1,1659,1013,193,91,0.685429036617279,4,-1,-1
228,-1,1744,1077,185,99,0.7237653732299805,4,-1,-1
247,-1,1785,778,130,49,0.3211900591850281,4,-1,-1
135,-1,1206,501,154,89,0.4696219563484192,6,-1,-1
135,-1,1554,988,159,82,0.367147296667099,11,-1,-1
154,-1,933,522,196,103,0.5332135558128357,6,-1,-1
154,-1,1298,964,156,92,0.338736891746521,11,-1,-1
154,-1,2332,1164,229,98,0.30133894085884094,11,-1,-1
131,-1,1241,498,154,92,0.4532821476459503,6,-1,-1
147,-1,1014,513,185,91,0.35063087940216064,6,-1,-1
260,-1,1894,828,148,59,0.3407692015171051,4,-1,-1
125,-1,0,469,86,67,0.2999766170978546,6,-1,-1
125,-1,1296,494,146,79,0.2939136326313019,6,-1,-1
130,-1,1250,499,155,90,0.41519591212272644,6,-1,-1
175,-1,644,557,248,117,0.5167069435119629,6,-1,-1
175,-1,1825,1110,228,159,0.4124601185321808,4,-1,-1
175,-1,1828,1110,224,161,0.30632051825523376,6,-1,-1
203,-1,6,572,347,166,0.46155068278312683,9,-1,-1
203,-1,0,570,351,170,0.30935657024383545,11,-1,-1
203,-1,2024,815,206,98,0.2924034893512726,6,-1,-1
45,-1,1605,863,137,61,0.7249807715415955,4,-1,-1
259,-1,1919,836,147,56,0.2755645215511322,4,-1,-1
1,-1,1263,488,295,146,0.5261960625648499,6,-1,-1
1,-1,1549,434,87,54,0.280473530292511,4,-1,-1
133,-1,1218,501,161,90,0.46483513712882996,6,-1,-1
214,-1,1194,947,152,79,0.6016152501106262,4,-1,-1
214,-1,1493,973,181,80,0.4716978073120117,4,-1,-1
22,-1,1554,454,217,117,0.4210772216320038,6,-1,-1
22,-1,5,451,122,63,0.3403787910938263,6,-1,-1
22,-1,881,579,168,92,0.2689344882965088,6,-1,-1
226,-1,1651,1054,179,94,0.4202914535999298,4,-1,-1
50,-1,1752,897,151,70,0.7898062467575073,4,-1,-1
139,-1,1141,505,174,89,0.40263453125953674,6,-1,-1
74,-1,183,562,68,48,0.7500474452972412,4,-1,-1
74,-1,307,449,100,55,0.25780248641967773,6,-1,-1
128,-1,1272,496,147,86,0.4187728464603424,6,-1,-1
128,-1,0,469,81,66,0.2562163174152374,6,-1,-1
68,-1,2460,1057,204,91,0.7894256711006165,4,-1,-1
68,-1,150,549,65,44,0.3035396337509155,4,-1,-1
234,-1,2042,1147,216,116,0.8392214775085449,4,-1,-1
234,-1,2517,1201,201,100,0.2918810546398163,4,-1,-1
234,-1,2095,828,149,53,0.27646782994270325,4,-1,-1
124,-1,1329,494,124,79,0.3626808226108551,6,-1,-1
124,-1,0,469,88,65,0.2944078743457794,6,-1,-1
126,-1,1289,492,145,86,0.4462074041366577,6,-1,-1
126,-1,0,470,83,65,0.2729372978210449,6,-1,-1
47,-1,1662,878,143,63,0.45665088295936584,4,-1,-1
47,-1,1915,448,52,54,0.26298007369041443,6,-1,-1
18,-1,1470,436,224,144,0.3689761459827423,6,-1,-1
160,-1,864,530,205,105,0.6371637582778931,6,-1,-1
177,-1,615,563,248,122,0.482465535402298,6,-1,-1
177,-1,1923,1131,236,159,0.2965991199016571,4,-1,-1
123,-1,1326,490,135,84,0.44477370381355286,6,-1,-1
123,-1,0,469,89,66,0.3093522787094116,6,-1,-1
194,-1,246,536,323,158,0.37051138281822205,6,-1,-1
194,-1,248,536,319,156,0.3457728922367096,9,-1,-1
44,-1,1580,856,132,61,0.705231785774231,4,-1,-1
44,-1,2033,1048,187,86,0.3223230540752411,4,-1,-1
44,-1,3,504,2378,657,0.2786332070827484,11,-1,-1
217,-1,1297,967,155,85,0.7156639099121094,4,-1,-1
217,-1,1611,1001,196,88,0.5826670527458191,4,-1,-1
197,-1,158,543,340,162,0.46745994687080383,6,-1,-1
52,-1,1822,916,152,68,0.5757326483726501,4,-1,-1
52,-1,2,534,2643,650,0.3592962920665741,11,-1,-1
52,-1,44,524,57,34,0.29062625765800476,4,-1,-1
52,-1,1903,452,66,52,0.26347872614860535,6,-1,-1
239,-1,2342,1210,238,128,0.6699898838996887,4,-1,-1
86,-1,131,617,77,56,0.44884687662124634,4,-1,-1
86,-1,1698,474,110,64,0.3664068579673767,6,-1,-1
86,-1,1697,475,81,59,0.27584752440452576,6,-1,-1
232,-1,1940,1123,200,109,0.5451064705848694,4,-1,-1
71,-1,163,554,67,50,0.49644070863723755,4,-1,-1
71,-1,2615,1098,104,79,0.3034130334854126,4,-1,-1
118,-1,1429,485,141,86,0.47475600242614746,6,-1,-1
51,-1,1788,907,147,70,0.6066907644271851,4,-1,-1
51,-1,3,543,2680,658,0.3274137079715729,11,-1,-1
51,-1,1909,449,62,56,0.2563750147819519,6,-1,-1
88,-1,98,626,84,57,0.37051230669021606,4,-1,-1
190,-1,344,531,303,141,0.5472913384437561,6,-1,-1
190,-1,2652,1223,66,144,0.25102734565734863,4,-1,-1
158,-1,884,527,201,105,0.6182687282562256,6,-1,-1
4,-1,357,674,181,86,0.5072891116142273,6,-1,-1
4,-1,1308,492,268,127,0.3029419779777527,6,-1,-1
87,-1,113,622,82,54,0.5476890206336975,4,-1,-1
87,-1,3,519,37,35,0.2573157548904419,4,-1,-1
90,-1,91,634,93,50,0.48783421516418457,4,-1,-1
90,-1,1631,478,112,63,0.31600531935691833,6,-1,-1
167,-1,772,543,220,112,0.40586280822753906,6,-1,-1
167,-1,1757,1075,191,108,0.38799670338630676,4,-1,-1
167,-1,1461,1037,204,142,0.29619279503822327,4,-1,-1
8,-1,1367,483,250,114,0.3521726131439209,6,-1,-1
236,-1,2157,1171,219,115,0.7539345622062683,4,-1,-1
236,-1,2044,820,147,50,0.2850274443626404,4,-1,-1
166,-1,783,541,224,112,0.3793666958808899,6,-1,-1
166,-1,1977,916,133,57,0.2508995234966278,4,-1,-1
